CG
24
0, 8, 9, 7
0, 8, 14, 1
0, 8, 16, 3
0, 8, 18, 4
0, 8, 17, 4
0, 8, 8, 2
0, 8, 1, 1
0, 8, 23, 1
1, 9, 9, 7
1, 9, 10, 7
1, 9, 12, 7
1, 9, 15, 7
1, 9, 14, 4
1, 9, 16, 12
1, 9, 18, 16
1, 9, 17, 16
1, 9, 8, 8
2, 8, 10, 7
2, 8, 14, 1
2, 8, 16, 3
2, 8, 18, 4
2, 8, 17, 4
2, 8, 8, 2
2, 8, 1, 1
2, 8, 23, 1
3, 8, 12, 7
3, 8, 14, 1
3, 8, 16, 3
3, 8, 18, 4
3, 8, 17, 4
3, 8, 8, 2
3, 8, 1, 1
3, 8, 23, 1
4, 8, 15, 7
4, 8, 14, 1
4, 8, 16, 3
4, 8, 18, 4
4, 8, 17, 4
4, 8, 8, 2
4, 8, 1, 1
4, 8, 23, 1
5, 6, 9, 2
5, 6, 10, 2
5, 6, 12, 2
5, 6, 15, 2
5, 6, 11, 4
5, 6, 6, 4
6, 6, 9, 2
6, 6, 10, 2
6, 6, 12, 2
6, 6, 15, 2
6, 6, 5, 4
6, 6, 7, 4
7, 6, 9, 2
7, 6, 10, 2
7, 6, 12, 2
7, 6, 15, 2
7, 6, 6, 4
7, 6, 13, 4
8, 5, 9, 2
8, 5, 10, 2
8, 5, 12, 2
8, 5, 15, 2
8, 5, 17, 8
9, 12, 14, 10
9, 12, 11, 6
9, 12, 5, 4
9, 12, 6, 4
9, 12, 7, 4
9, 12, 13, 6
9, 12, 16, 6
9, 12, 18, 8
9, 12, 17, 8
9, 12, 8, 4
9, 12, 0, 2
9, 12, 19, 1
9, 12, -1, 4
10, 12, 14, 10
10, 12, 11, 6
10, 12, 5, 4
10, 12, 6, 4
10, 12, 7, 4
10, 12, 13, 6
10, 12, 16, 6
10, 12, 18, 8
10, 12, 17, 8
10, 12, 8, 4
10, 12, 2, 2
10, 12, 20, 1
10, 12, -1, 4
11, 10, 9, 3
11, 10, 10, 3
11, 10, 12, 3
11, 10, 15, 3
11, 10, 14, 8
11, 10, 5, 4
11, 10, 0, 1
11, 10, 2, 1
11, 10, 3, 1
11, 10, 4, 1
11, 10, -1, 1
11, 10, -1, 1
11, 10, -1, 1
11, 10, -1, 1
12, 12, 14, 10
12, 12, 11, 6
12, 12, 5, 4
12, 12, 6, 4
12, 12, 7, 4
12, 12, 13, 6
12, 12, 16, 6
12, 12, 18, 8
12, 12, 17, 8
12, 12, 8, 4
12, 12, 3, 2
12, 12, 21, 1
12, 12, -1, 4
13, 10, 9, 3
13, 10, 10, 3
13, 10, 12, 3
13, 10, 15, 3
13, 10, 14, 8
13, 10, 7, 4
13, 10, 0, 1
13, 10, 2, 1
13, 10, 3, 1
13, 10, 4, 1
13, 10, -1, 1
13, 10, -1, 1
13, 10, -1, 1
13, 10, -1, 1
14, 7, 9, 5
14, 7, 10, 5
14, 7, 12, 5
14, 7, 15, 5
14, 7, 11, 8
14, 7, 13, 8
14, 7, 16, 4
14, 7, -1, 2
14, 7, -1, 2
14, 7, -1, 2
14, 7, -1, 2
15, 12, 14, 10
15, 12, 11, 6
15, 12, 5, 4
15, 12, 6, 4
15, 12, 7, 4
15, 12, 13, 6
15, 12, 16, 6
15, 12, 18, 8
15, 12, 17, 8
15, 12, 8, 4
15, 12, 4, 2
15, 12, 22, 1
15, 12, -1, 4
16, 6, 9, 3
16, 6, 10, 3
16, 6, 12, 3
16, 6, 15, 3
16, 6, 14, 4
16, 6, 18, 8
17, 6, 9, 4
17, 6, 10, 4
17, 6, 12, 4
17, 6, 15, 4
17, 6, 18, 8
17, 6, 8, 8
18, 6, 9, 4
18, 6, 10, 4
18, 6, 12, 4
18, 6, 15, 4
18, 6, 16, 8
18, 6, 17, 8
DTG
0, 2, 1, 0, 3
0, 2, 1, 0, 3
1, 1, 0, 1, 5
2, 2, 1, 0, 3
2, 2, 1, 0, 3
3, 2, 1, 0, 3
3, 2, 1, 0, 3
4, 2, 1, 0, 3
4, 2, 1, 0, 3
5, 8, 0, 1, 2
5, 8, 0, 1, 2
5, 8, 0, 1, 2
5, 8, 0, 1, 2
5, 8, 0, 1, 2
5, 8, 0, 1, 2
5, 8, 0, 1, 2
5, 8, 0, 1, 2
5, 8, 1, 0, 3
5, 8, 1, 0, 3
5, 8, 1, 0, 3
5, 8, 1, 0, 3
5, 8, 1, 0, 3
5, 8, 1, 0, 3
5, 8, 1, 0, 3
5, 8, 1, 0, 3
6, 8, 0, 1, 2
6, 8, 0, 1, 2
6, 8, 0, 1, 2
6, 8, 0, 1, 2
6, 8, 0, 1, 2
6, 8, 0, 1, 2
6, 8, 0, 1, 2
6, 8, 0, 1, 2
6, 8, 1, 0, 3
6, 8, 1, 0, 3
6, 8, 1, 0, 3
6, 8, 1, 0, 3
6, 8, 1, 0, 3
6, 8, 1, 0, 3
6, 8, 1, 0, 3
6, 8, 1, 0, 3
7, 8, 0, 1, 2
7, 8, 0, 1, 2
7, 8, 0, 1, 2
7, 8, 0, 1, 2
7, 8, 0, 1, 2
7, 8, 0, 1, 2
7, 8, 0, 1, 2
7, 8, 0, 1, 2
7, 8, 1, 0, 3
7, 8, 1, 0, 3
7, 8, 1, 0, 3
7, 8, 1, 0, 3
7, 8, 1, 0, 3
7, 8, 1, 0, 3
7, 8, 1, 0, 3
7, 8, 1, 0, 3
8, 8, 0, 1, 3
8, 8, 0, 1, 3
8, 8, 0, 1, 3
8, 8, 0, 1, 3
8, 8, 0, 1, 3
8, 8, 0, 1, 3
8, 8, 0, 1, 3
8, 8, 0, 1, 3
8, 8, 1, 0, 4
8, 8, 1, 0, 4
8, 8, 1, 0, 4
8, 8, 1, 0, 4
8, 8, 1, 0, 4
8, 8, 1, 0, 4
8, 8, 1, 0, 4
8, 8, 1, 0, 4
9, 3, 0, 1, 2
9, 3, 0, 5, 2
9, 3, 0, 6, 3
9, 2, 1, 0, 2
9, 2, 1, 2, 2
9, 2, 2, 1, 2
9, 2, 2, 3, 2
9, 2, 3, 2, 2
9, 2, 3, 4, 2
9, 2, 4, 3, 2
9, 2, 4, 5, 2
9, 2, 5, 0, 2
9, 2, 5, 4, 2
9, 3, 6, 0, 3
9, 3, 6, 7, 3
9, 3, 6, 7, 3
9, 4, 7, 6, 3
9, 4, 7, 6, 3
9, 4, 7, 8, 3
9, 4, 7, 8, 3
9, 4, 8, 7, 3
9, 4, 8, 7, 3
9, 4, 8, 9, 3
9, 4, 8, 9, 3
9, 2, 9, 8, 3
9, 2, 9, 8, 3
10, 3, 0, 1, 2
10, 3, 0, 5, 2
10, 3, 0, 6, 3
10, 2, 1, 0, 2
10, 2, 1, 2, 2
10, 2, 2, 1, 2
10, 2, 2, 3, 2
10, 2, 3, 2, 2
10, 2, 3, 4, 2
10, 2, 4, 3, 2
10, 2, 4, 5, 2
10, 2, 5, 0, 2
10, 2, 5, 4, 2
10, 3, 6, 0, 3
10, 3, 6, 7, 3
10, 3, 6, 7, 3
10, 4, 7, 6, 3
10, 4, 7, 6, 3
10, 4, 7, 8, 3
10, 4, 7, 8, 3
10, 4, 8, 7, 3
10, 4, 8, 7, 3
10, 4, 8, 9, 3
10, 4, 8, 9, 3
10, 2, 9, 8, 3
10, 2, 9, 8, 3
11, 8, 0, 1, 2
11, 8, 0, 1, 2
11, 8, 0, 1, 2
11, 8, 0, 1, 2
11, 8, 0, 1, 2
11, 8, 0, 1, 2
11, 8, 0, 1, 2
11, 8, 0, 1, 2
11, 8, 1, 0, 3
11, 8, 1, 0, 3
11, 8, 1, 0, 3
11, 8, 1, 0, 3
11, 8, 1, 0, 3
11, 8, 1, 0, 3
11, 8, 1, 0, 3
11, 8, 1, 0, 3
12, 3, 0, 1, 2
12, 3, 0, 5, 2
12, 3, 0, 6, 3
12, 2, 1, 0, 2
12, 2, 1, 2, 2
12, 2, 2, 1, 2
12, 2, 2, 3, 2
12, 2, 3, 2, 2
12, 2, 3, 4, 2
12, 2, 4, 3, 2
12, 2, 4, 5, 2
12, 2, 5, 0, 2
12, 2, 5, 4, 2
12, 3, 6, 0, 3
12, 3, 6, 7, 3
12, 3, 6, 7, 3
12, 4, 7, 6, 3
12, 4, 7, 6, 3
12, 4, 7, 8, 3
12, 4, 7, 8, 3
12, 4, 8, 7, 3
12, 4, 8, 7, 3
12, 4, 8, 9, 3
12, 4, 8, 9, 3
12, 2, 9, 8, 3
12, 2, 9, 8, 3
13, 8, 0, 1, 2
13, 8, 0, 1, 2
13, 8, 0, 1, 2
13, 8, 0, 1, 2
13, 8, 0, 1, 2
13, 8, 0, 1, 2
13, 8, 0, 1, 2
13, 8, 0, 1, 2
13, 8, 1, 0, 3
13, 8, 1, 0, 3
13, 8, 1, 0, 3
13, 8, 1, 0, 3
13, 8, 1, 0, 3
13, 8, 1, 0, 3
13, 8, 1, 0, 3
13, 8, 1, 0, 3
14, 12, 0, 1, 2
14, 12, 0, 1, 2
14, 12, 0, 1, 2
14, 12, 0, 1, 2
14, 12, 0, 1, 2
14, 12, 0, 1, 2
14, 12, 0, 1, 2
14, 12, 0, 1, 2
14, 12, 0, 1, 3
14, 12, 0, 1, 3
14, 12, 0, 1, 3
14, 12, 0, 1, 3
14, 12, 1, 0, 3
14, 12, 1, 0, 3
14, 12, 1, 0, 3
14, 12, 1, 0, 3
14, 12, 1, 0, 3
14, 12, 1, 0, 3
14, 12, 1, 0, 3
14, 12, 1, 0, 3
14, 12, 1, 0, 4
14, 12, 1, 0, 4
14, 12, 1, 0, 4
14, 12, 1, 0, 4
15, 3, 0, 1, 2
15, 3, 0, 5, 2
15, 3, 0, 6, 3
15, 2, 1, 0, 2
15, 2, 1, 2, 2
15, 2, 2, 1, 2
15, 2, 2, 3, 2
15, 2, 3, 2, 2
15, 2, 3, 4, 2
15, 2, 4, 3, 2
15, 2, 4, 5, 2
15, 2, 5, 0, 2
15, 2, 5, 4, 2
15, 3, 6, 0, 3
15, 3, 6, 7, 3
15, 3, 6, 7, 3
15, 4, 7, 6, 3
15, 4, 7, 6, 3
15, 4, 7, 8, 3
15, 4, 7, 8, 3
15, 4, 8, 7, 3
15, 4, 8, 7, 3
15, 4, 8, 9, 3
15, 4, 8, 9, 3
15, 2, 9, 8, 3
15, 2, 9, 8, 3
16, 12, 0, 1, 3
16, 12, 0, 1, 3
16, 12, 0, 1, 3
16, 12, 0, 1, 3
16, 12, 0, 1, 3
16, 12, 0, 1, 3
16, 12, 0, 1, 3
16, 12, 0, 1, 3
16, 12, 0, 1, 3
16, 12, 0, 1, 3
16, 12, 0, 1, 3
16, 12, 0, 1, 3
16, 12, 1, 0, 4
16, 12, 1, 0, 4
16, 12, 1, 0, 4
16, 12, 1, 0, 4
16, 12, 1, 0, 4
16, 12, 1, 0, 4
16, 12, 1, 0, 4
16, 12, 1, 0, 4
16, 12, 1, 0, 4
16, 12, 1, 0, 4
16, 12, 1, 0, 4
16, 12, 1, 0, 4
17, 16, 0, 1, 3
17, 16, 0, 1, 3
17, 16, 0, 1, 3
17, 16, 0, 1, 3
17, 16, 0, 1, 3
17, 16, 0, 1, 3
17, 16, 0, 1, 3
17, 16, 0, 1, 3
17, 16, 0, 1, 3
17, 16, 0, 1, 3
17, 16, 0, 1, 3
17, 16, 0, 1, 3
17, 16, 0, 1, 3
17, 16, 0, 1, 3
17, 16, 0, 1, 3
17, 16, 0, 1, 3
17, 16, 1, 0, 4
17, 16, 1, 0, 4
17, 16, 1, 0, 4
17, 16, 1, 0, 4
17, 16, 1, 0, 4
17, 16, 1, 0, 4
17, 16, 1, 0, 4
17, 16, 1, 0, 4
17, 16, 1, 0, 4
17, 16, 1, 0, 4
17, 16, 1, 0, 4
17, 16, 1, 0, 4
17, 16, 1, 0, 4
17, 16, 1, 0, 4
17, 16, 1, 0, 4
17, 16, 1, 0, 4
18, 16, 0, 1, 3
18, 16, 0, 1, 3
18, 16, 0, 1, 3
18, 16, 0, 1, 3
18, 16, 0, 1, 3
18, 16, 0, 1, 3
18, 16, 0, 1, 3
18, 16, 0, 1, 3
18, 16, 0, 1, 3
18, 16, 0, 1, 3
18, 16, 0, 1, 3
18, 16, 0, 1, 3
18, 16, 0, 1, 3
18, 16, 0, 1, 3
18, 16, 0, 1, 3
18, 16, 0, 1, 3
18, 16, 1, 0, 4
18, 16, 1, 0, 4
18, 16, 1, 0, 4
18, 16, 1, 0, 4
18, 16, 1, 0, 4
18, 16, 1, 0, 4
18, 16, 1, 0, 4
18, 16, 1, 0, 4
18, 16, 1, 0, 4
18, 16, 1, 0, 4
18, 16, 1, 0, 4
18, 16, 1, 0, 4
18, 16, 1, 0, 4
18, 16, 1, 0, 4
18, 16, 1, 0, 4
18, 16, 1, 0, 4
19, 1, 0, 1, 2
20, 1, 0, 1, 2
21, 1, 0, 1, 2
22, 1, 0, 1, 2
23, 1, 0, 1, 5
Goal
19
20
21
22
23
