CG
31
0, 10, 11, 11
0, 10, 17, 1
0, 10, 20, 3
0, 10, 22, 4
0, 10, 24, 4
0, 10, 25, 4
0, 10, 23, 4
0, 10, 18, 2
0, 10, 3, 1
0, 10, 30, 1
1, 10, 13, 11
1, 10, 17, 1
1, 10, 20, 3
1, 10, 22, 4
1, 10, 24, 4
1, 10, 25, 4
1, 10, 23, 4
1, 10, 18, 2
1, 10, 3, 1
1, 10, 30, 1
2, 10, 15, 11
2, 10, 17, 1
2, 10, 20, 3
2, 10, 22, 4
2, 10, 24, 4
2, 10, 25, 4
2, 10, 23, 4
2, 10, 18, 2
2, 10, 3, 1
2, 10, 30, 1
3, 13, 11, 11
3, 13, 13, 11
3, 13, 15, 11
3, 13, 16, 11
3, 13, 19, 11
3, 13, 21, 11
3, 13, 17, 6
3, 13, 20, 18
3, 13, 22, 24
3, 13, 24, 24
3, 13, 25, 24
3, 13, 23, 24
3, 13, 18, 12
4, 10, 16, 11
4, 10, 17, 1
4, 10, 20, 3
4, 10, 22, 4
4, 10, 24, 4
4, 10, 25, 4
4, 10, 23, 4
4, 10, 18, 2
4, 10, 3, 1
4, 10, 30, 1
5, 10, 19, 11
5, 10, 17, 1
5, 10, 20, 3
5, 10, 22, 4
5, 10, 24, 4
5, 10, 25, 4
5, 10, 23, 4
5, 10, 18, 2
5, 10, 3, 1
5, 10, 30, 1
6, 10, 21, 11
6, 10, 17, 1
6, 10, 20, 3
6, 10, 22, 4
6, 10, 24, 4
6, 10, 25, 4
6, 10, 23, 4
6, 10, 18, 2
6, 10, 3, 1
6, 10, 30, 1
7, 7, 11, 1
7, 7, 13, 1
7, 7, 15, 1
7, 7, 16, 1
7, 7, 19, 1
7, 7, 21, 1
7, 7, 9, 6
8, 7, 11, 1
8, 7, 13, 1
8, 7, 15, 1
8, 7, 16, 1
8, 7, 19, 1
8, 7, 21, 1
8, 7, 10, 6
9, 8, 11, 2
9, 8, 13, 2
9, 8, 15, 2
9, 8, 16, 2
9, 8, 19, 2
9, 8, 21, 2
9, 8, 12, 6
9, 8, 7, 6
10, 14, 11, 2
10, 14, 13, 2
10, 14, 15, 2
10, 14, 16, 2
10, 14, 19, 2
10, 14, 21, 2
10, 14, 17, 6
10, 14, 8, 6
10, 14, 0, 1
10, 14, 1, 1
10, 14, 2, 1
10, 14, 4, 1
10, 14, 5, 1
10, 14, 6, 1
10, 14, -1, 1
10, 14, -1, 1
10, 14, -1, 1
10, 14, -1, 1
10, 14, -1, 1
10, 14, -1, 1
11, 15, 17, 6
11, 15, 14, 4
11, 15, 12, 4
11, 15, 9, 4
11, 15, 7, 2
11, 15, 10, 4
11, 15, 8, 2
11, 15, 20, 6
11, 15, 22, 8
11, 15, 24, 8
11, 15, 25, 8
11, 15, 23, 8
11, 15, 18, 4
11, 15, 0, 2
11, 15, 26, 2
11, 15, -1, 2
11, 15, -1, 2
12, 8, 11, 2
12, 8, 13, 2
12, 8, 15, 2
12, 8, 16, 2
12, 8, 19, 2
12, 8, 21, 2
12, 8, 14, 6
12, 8, 9, 6
13, 15, 17, 6
13, 15, 14, 4
13, 15, 12, 4
13, 15, 9, 4
13, 15, 7, 2
13, 15, 10, 4
13, 15, 8, 2
13, 15, 20, 6
13, 15, 22, 8
13, 15, 24, 8
13, 15, 25, 8
13, 15, 23, 8
13, 15, 18, 4
13, 15, 1, 2
13, 15, 26, 2
13, 15, -1, 2
13, 15, -1, 2
14, 14, 11, 2
14, 14, 13, 2
14, 14, 15, 2
14, 14, 16, 2
14, 14, 19, 2
14, 14, 21, 2
14, 14, 17, 6
14, 14, 12, 6
14, 14, 0, 1
14, 14, 1, 1
14, 14, 2, 1
14, 14, 4, 1
14, 14, 5, 1
14, 14, 6, 1
14, 14, -1, 1
14, 14, -1, 1
14, 14, -1, 1
14, 14, -1, 1
14, 14, -1, 1
14, 14, -1, 1
15, 15, 17, 6
15, 15, 14, 4
15, 15, 12, 4
15, 15, 9, 4
15, 15, 7, 2
15, 15, 10, 4
15, 15, 8, 2
15, 15, 20, 6
15, 15, 22, 8
15, 15, 24, 8
15, 15, 25, 8
15, 15, 23, 8
15, 15, 18, 4
15, 15, 2, 2
15, 15, 27, 1
15, 15, -1, 2
15, 15, -1, 2
16, 15, 17, 6
16, 15, 14, 4
16, 15, 12, 4
16, 15, 9, 4
16, 15, 7, 2
16, 15, 10, 4
16, 15, 8, 2
16, 15, 20, 6
16, 15, 22, 8
16, 15, 24, 8
16, 15, 25, 8
16, 15, 23, 8
16, 15, 18, 4
16, 15, 4, 2
16, 15, 28, 1
16, 15, -1, 2
16, 15, -1, 2
17, 9, 11, 3
17, 9, 13, 3
17, 9, 15, 3
17, 9, 16, 3
17, 9, 19, 3
17, 9, 21, 3
17, 9, 14, 6
17, 9, 10, 6
17, 9, 20, 6
17, 9, -1, 1
17, 9, -1, 1
17, 9, -1, 1
17, 9, -1, 1
17, 9, -1, 1
17, 9, -1, 1
17, 9, -1, 1
17, 9, -1, 1
17, 9, -1, 1
17, 9, -1, 1
17, 9, -1, 1
17, 9, -1, 1
18, 7, 11, 2
18, 7, 13, 2
18, 7, 15, 2
18, 7, 16, 2
18, 7, 19, 2
18, 7, 21, 2
18, 7, 23, 12
19, 15, 17, 6
19, 15, 14, 4
19, 15, 12, 4
19, 15, 9, 4
19, 15, 7, 2
19, 15, 10, 4
19, 15, 8, 2
19, 15, 20, 6
19, 15, 22, 8
19, 15, 24, 8
19, 15, 25, 8
19, 15, 23, 8
19, 15, 18, 4
19, 15, 5, 2
19, 15, 29, 2
19, 15, -1, 2
19, 15, -1, 2
20, 8, 11, 3
20, 8, 13, 3
20, 8, 15, 3
20, 8, 16, 3
20, 8, 19, 3
20, 8, 21, 3
20, 8, 17, 6
20, 8, 22, 12
21, 15, 17, 6
21, 15, 14, 4
21, 15, 12, 4
21, 15, 9, 4
21, 15, 7, 2
21, 15, 10, 4
21, 15, 8, 2
21, 15, 20, 6
21, 15, 22, 8
21, 15, 24, 8
21, 15, 25, 8
21, 15, 23, 8
21, 15, 18, 4
21, 15, 6, 2
21, 15, 29, 2
21, 15, -1, 2
21, 15, -1, 2
22, 8, 11, 4
22, 8, 13, 4
22, 8, 15, 4
22, 8, 16, 4
22, 8, 19, 4
22, 8, 21, 4
22, 8, 20, 12
22, 8, 24, 12
23, 8, 11, 4
23, 8, 13, 4
23, 8, 15, 4
23, 8, 16, 4
23, 8, 19, 4
23, 8, 21, 4
23, 8, 25, 12
23, 8, 18, 12
24, 8, 11, 4
24, 8, 13, 4
24, 8, 15, 4
24, 8, 16, 4
24, 8, 19, 4
24, 8, 21, 4
24, 8, 22, 12
24, 8, 25, 12
25, 8, 11, 4
25, 8, 13, 4
25, 8, 15, 4
25, 8, 16, 4
25, 8, 19, 4
25, 8, 21, 4
25, 8, 24, 12
25, 8, 23, 12
DTG
0, 2, 1, 0, 3
0, 2, 1, 0, 3
1, 2, 1, 0, 3
1, 2, 1, 0, 3
2, 2, 1, 0, 3
2, 2, 1, 0, 3
3, 1, 0, 1, 7
4, 2, 1, 0, 3
4, 2, 1, 0, 3
5, 2, 1, 0, 3
5, 2, 1, 0, 3
6, 2, 1, 0, 3
6, 2, 1, 0, 3
7, 6, 0, 1, 2
7, 6, 0, 1, 2
7, 6, 0, 1, 2
7, 6, 0, 1, 2
7, 6, 0, 1, 2
7, 6, 0, 1, 2
7, 6, 1, 0, 3
7, 6, 1, 0, 3
7, 6, 1, 0, 3
7, 6, 1, 0, 3
7, 6, 1, 0, 3
7, 6, 1, 0, 3
8, 6, 0, 1, 2
8, 6, 0, 1, 2
8, 6, 0, 1, 2
8, 6, 0, 1, 2
8, 6, 0, 1, 2
8, 6, 0, 1, 2
8, 6, 1, 0, 3
8, 6, 1, 0, 3
8, 6, 1, 0, 3
8, 6, 1, 0, 3
8, 6, 1, 0, 3
8, 6, 1, 0, 3
9, 12, 0, 1, 2
9, 12, 0, 1, 2
9, 12, 0, 1, 2
9, 12, 0, 1, 2
9, 12, 0, 1, 2
9, 12, 0, 1, 2
9, 12, 0, 1, 2
9, 12, 0, 1, 2
9, 12, 0, 1, 2
9, 12, 0, 1, 2
9, 12, 0, 1, 2
9, 12, 0, 1, 2
9, 12, 1, 0, 3
9, 12, 1, 0, 3
9, 12, 1, 0, 3
9, 12, 1, 0, 3
9, 12, 1, 0, 3
9, 12, 1, 0, 3
9, 12, 1, 0, 3
9, 12, 1, 0, 3
9, 12, 1, 0, 3
9, 12, 1, 0, 3
9, 12, 1, 0, 3
9, 12, 1, 0, 3
10, 12, 0, 1, 2
10, 12, 0, 1, 2
10, 12, 0, 1, 2
10, 12, 0, 1, 2
10, 12, 0, 1, 2
10, 12, 0, 1, 2
10, 12, 0, 1, 2
10, 12, 0, 1, 2
10, 12, 0, 1, 2
10, 12, 0, 1, 2
10, 12, 0, 1, 2
10, 12, 0, 1, 2
10, 12, 1, 0, 3
10, 12, 1, 0, 3
10, 12, 1, 0, 3
10, 12, 1, 0, 3
10, 12, 1, 0, 3
10, 12, 1, 0, 3
10, 12, 1, 0, 3
10, 12, 1, 0, 3
10, 12, 1, 0, 3
10, 12, 1, 0, 3
10, 12, 1, 0, 3
10, 12, 1, 0, 3
11, 3, 0, 1, 2
11, 3, 0, 5, 2
11, 3, 0, 7, 3
11, 2, 1, 0, 2
11, 2, 1, 2, 2
11, 2, 2, 1, 2
11, 2, 2, 3, 2
11, 2, 3, 2, 2
11, 2, 3, 4, 2
11, 1, 4, 3, 2
11, 2, 5, 0, 2
11, 2, 5, 6, 2
11, 1, 6, 5, 2
11, 3, 7, 0, 3
11, 3, 7, 8, 3
11, 3, 7, 8, 3
11, 4, 8, 7, 3
11, 4, 8, 7, 3
11, 4, 8, 9, 3
11, 4, 8, 9, 3
11, 4, 9, 8, 3
11, 4, 9, 8, 3
11, 4, 9, 10, 3
11, 4, 9, 10, 3
11, 4, 10, 9, 3
11, 4, 10, 9, 3
11, 4, 10, 11, 3
11, 4, 10, 11, 3
11, 4, 11, 10, 3
11, 4, 11, 10, 3
11, 4, 11, 12, 3
11, 4, 11, 12, 3
11, 2, 12, 11, 3
11, 2, 12, 11, 3
12, 12, 0, 1, 2
12, 12, 0, 1, 2
12, 12, 0, 1, 2
12, 12, 0, 1, 2
12, 12, 0, 1, 2
12, 12, 0, 1, 2
12, 12, 0, 1, 2
12, 12, 0, 1, 2
12, 12, 0, 1, 2
12, 12, 0, 1, 2
12, 12, 0, 1, 2
12, 12, 0, 1, 2
12, 12, 1, 0, 3
12, 12, 1, 0, 3
12, 12, 1, 0, 3
12, 12, 1, 0, 3
12, 12, 1, 0, 3
12, 12, 1, 0, 3
12, 12, 1, 0, 3
12, 12, 1, 0, 3
12, 12, 1, 0, 3
12, 12, 1, 0, 3
12, 12, 1, 0, 3
12, 12, 1, 0, 3
13, 3, 0, 1, 2
13, 3, 0, 5, 2
13, 3, 0, 7, 3
13, 2, 1, 0, 2
13, 2, 1, 2, 2
13, 2, 2, 1, 2
13, 2, 2, 3, 2
13, 2, 3, 2, 2
13, 2, 3, 4, 2
13, 1, 4, 3, 2
13, 2, 5, 0, 2
13, 2, 5, 6, 2
13, 1, 6, 5, 2
13, 3, 7, 0, 3
13, 3, 7, 8, 3
13, 3, 7, 8, 3
13, 4, 8, 7, 3
13, 4, 8, 7, 3
13, 4, 8, 9, 3
13, 4, 8, 9, 3
13, 4, 9, 8, 3
13, 4, 9, 8, 3
13, 4, 9, 10, 3
13, 4, 9, 10, 3
13, 4, 10, 9, 3
13, 4, 10, 9, 3
13, 4, 10, 11, 3
13, 4, 10, 11, 3
13, 4, 11, 10, 3
13, 4, 11, 10, 3
13, 4, 11, 12, 3
13, 4, 11, 12, 3
13, 2, 12, 11, 3
13, 2, 12, 11, 3
14, 12, 0, 1, 2
14, 12, 0, 1, 2
14, 12, 0, 1, 2
14, 12, 0, 1, 2
14, 12, 0, 1, 2
14, 12, 0, 1, 2
14, 12, 0, 1, 2
14, 12, 0, 1, 2
14, 12, 0, 1, 2
14, 12, 0, 1, 2
14, 12, 0, 1, 2
14, 12, 0, 1, 2
14, 12, 1, 0, 3
14, 12, 1, 0, 3
14, 12, 1, 0, 3
14, 12, 1, 0, 3
14, 12, 1, 0, 3
14, 12, 1, 0, 3
14, 12, 1, 0, 3
14, 12, 1, 0, 3
14, 12, 1, 0, 3
14, 12, 1, 0, 3
14, 12, 1, 0, 3
14, 12, 1, 0, 3
15, 3, 0, 1, 2
15, 3, 0, 5, 2
15, 3, 0, 7, 3
15, 2, 1, 0, 2
15, 2, 1, 2, 2
15, 2, 2, 1, 2
15, 2, 2, 3, 2
15, 2, 3, 2, 2
15, 2, 3, 4, 2
15, 1, 4, 3, 2
15, 2, 5, 0, 2
15, 2, 5, 6, 2
15, 1, 6, 5, 2
15, 3, 7, 0, 3
15, 3, 7, 8, 3
15, 3, 7, 8, 3
15, 4, 8, 7, 3
15, 4, 8, 7, 3
15, 4, 8, 9, 3
15, 4, 8, 9, 3
15, 4, 9, 8, 3
15, 4, 9, 8, 3
15, 4, 9, 10, 3
15, 4, 9, 10, 3
15, 4, 10, 9, 3
15, 4, 10, 9, 3
15, 4, 10, 11, 3
15, 4, 10, 11, 3
15, 4, 11, 10, 3
15, 4, 11, 10, 3
15, 4, 11, 12, 3
15, 4, 11, 12, 3
15, 2, 12, 11, 3
15, 2, 12, 11, 3
16, 3, 0, 1, 2
16, 3, 0, 5, 2
16, 3, 0, 7, 3
16, 2, 1, 0, 2
16, 2, 1, 2, 2
16, 2, 2, 1, 2
16, 2, 2, 3, 2
16, 2, 3, 2, 2
16, 2, 3, 4, 2
16, 1, 4, 3, 2
16, 2, 5, 0, 2
16, 2, 5, 6, 2
16, 1, 6, 5, 2
16, 3, 7, 0, 3
16, 3, 7, 8, 3
16, 3, 7, 8, 3
16, 4, 8, 7, 3
16, 4, 8, 7, 3
16, 4, 8, 9, 3
16, 4, 8, 9, 3
16, 4, 9, 8, 3
16, 4, 9, 8, 3
16, 4, 9, 10, 3
16, 4, 9, 10, 3
16, 4, 10, 9, 3
16, 4, 10, 9, 3
16, 4, 10, 11, 3
16, 4, 10, 11, 3
16, 4, 11, 10, 3
16, 4, 11, 10, 3
16, 4, 11, 12, 3
16, 4, 11, 12, 3
16, 2, 12, 11, 3
16, 2, 12, 11, 3
17, 18, 0, 1, 2
17, 18, 0, 1, 2
17, 18, 0, 1, 2
17, 18, 0, 1, 2
17, 18, 0, 1, 2
17, 18, 0, 1, 2
17, 18, 0, 1, 2
17, 18, 0, 1, 2
17, 18, 0, 1, 2
17, 18, 0, 1, 2
17, 18, 0, 1, 2
17, 18, 0, 1, 2
17, 18, 0, 1, 3
17, 18, 0, 1, 3
17, 18, 0, 1, 3
17, 18, 0, 1, 3
17, 18, 0, 1, 3
17, 18, 0, 1, 3
17, 18, 1, 0, 3
17, 18, 1, 0, 3
17, 18, 1, 0, 3
17, 18, 1, 0, 3
17, 18, 1, 0, 3
17, 18, 1, 0, 3
17, 18, 1, 0, 3
17, 18, 1, 0, 3
17, 18, 1, 0, 3
17, 18, 1, 0, 3
17, 18, 1, 0, 3
17, 18, 1, 0, 3
17, 18, 1, 0, 4
17, 18, 1, 0, 4
17, 18, 1, 0, 4
17, 18, 1, 0, 4
17, 18, 1, 0, 4
17, 18, 1, 0, 4
18, 12, 0, 1, 3
18, 12, 0, 1, 3
18, 12, 0, 1, 3
18, 12, 0, 1, 3
18, 12, 0, 1, 3
18, 12, 0, 1, 3
18, 12, 0, 1, 3
18, 12, 0, 1, 3
18, 12, 0, 1, 3
18, 12, 0, 1, 3
18, 12, 0, 1, 3
18, 12, 0, 1, 3
18, 12, 1, 0, 4
18, 12, 1, 0, 4
18, 12, 1, 0, 4
18, 12, 1, 0, 4
18, 12, 1, 0, 4
18, 12, 1, 0, 4
18, 12, 1, 0, 4
18, 12, 1, 0, 4
18, 12, 1, 0, 4
18, 12, 1, 0, 4
18, 12, 1, 0, 4
18, 12, 1, 0, 4
19, 3, 0, 1, 2
19, 3, 0, 5, 2
19, 3, 0, 7, 3
19, 2, 1, 0, 2
19, 2, 1, 2, 2
19, 2, 2, 1, 2
19, 2, 2, 3, 2
19, 2, 3, 2, 2
19, 2, 3, 4, 2
19, 1, 4, 3, 2
19, 2, 5, 0, 2
19, 2, 5, 6, 2
19, 1, 6, 5, 2
19, 3, 7, 0, 3
19, 3, 7, 8, 3
19, 3, 7, 8, 3
19, 4, 8, 7, 3
19, 4, 8, 7, 3
19, 4, 8, 9, 3
19, 4, 8, 9, 3
19, 4, 9, 8, 3
19, 4, 9, 8, 3
19, 4, 9, 10, 3
19, 4, 9, 10, 3
19, 4, 10, 9, 3
19, 4, 10, 9, 3
19, 4, 10, 11, 3
19, 4, 10, 11, 3
19, 4, 11, 10, 3
19, 4, 11, 10, 3
19, 4, 11, 12, 3
19, 4, 11, 12, 3
19, 2, 12, 11, 3
19, 2, 12, 11, 3
20, 18, 0, 1, 3
20, 18, 0, 1, 3
20, 18, 0, 1, 3
20, 18, 0, 1, 3
20, 18, 0, 1, 3
20, 18, 0, 1, 3
20, 18, 0, 1, 3
20, 18, 0, 1, 3
20, 18, 0, 1, 3
20, 18, 0, 1, 3
20, 18, 0, 1, 3
20, 18, 0, 1, 3
20, 18, 0, 1, 3
20, 18, 0, 1, 3
20, 18, 0, 1, 3
20, 18, 0, 1, 3
20, 18, 0, 1, 3
20, 18, 0, 1, 3
20, 18, 1, 0, 4
20, 18, 1, 0, 4
20, 18, 1, 0, 4
20, 18, 1, 0, 4
20, 18, 1, 0, 4
20, 18, 1, 0, 4
20, 18, 1, 0, 4
20, 18, 1, 0, 4
20, 18, 1, 0, 4
20, 18, 1, 0, 4
20, 18, 1, 0, 4
20, 18, 1, 0, 4
20, 18, 1, 0, 4
20, 18, 1, 0, 4
20, 18, 1, 0, 4
20, 18, 1, 0, 4
20, 18, 1, 0, 4
20, 18, 1, 0, 4
21, 3, 0, 1, 2
21, 3, 0, 5, 2
21, 3, 0, 7, 3
21, 2, 1, 0, 2
21, 2, 1, 2, 2
21, 2, 2, 1, 2
21, 2, 2, 3, 2
21, 2, 3, 2, 2
21, 2, 3, 4, 2
21, 1, 4, 3, 2
21, 2, 5, 0, 2
21, 2, 5, 6, 2
21, 1, 6, 5, 2
21, 3, 7, 0, 3
21, 3, 7, 8, 3
21, 3, 7, 8, 3
21, 4, 8, 7, 3
21, 4, 8, 7, 3
21, 4, 8, 9, 3
21, 4, 8, 9, 3
21, 4, 9, 8, 3
21, 4, 9, 8, 3
21, 4, 9, 10, 3
21, 4, 9, 10, 3
21, 4, 10, 9, 3
21, 4, 10, 9, 3
21, 4, 10, 11, 3
21, 4, 10, 11, 3
21, 4, 11, 10, 3
21, 4, 11, 10, 3
21, 4, 11, 12, 3
21, 4, 11, 12, 3
21, 2, 12, 11, 3
21, 2, 12, 11, 3
22, 24, 0, 1, 3
22, 24, 0, 1, 3
22, 24, 0, 1, 3
22, 24, 0, 1, 3
22, 24, 0, 1, 3
22, 24, 0, 1, 3
22, 24, 0, 1, 3
22, 24, 0, 1, 3
22, 24, 0, 1, 3
22, 24, 0, 1, 3
22, 24, 0, 1, 3
22, 24, 0, 1, 3
22, 24, 0, 1, 3
22, 24, 0, 1, 3
22, 24, 0, 1, 3
22, 24, 0, 1, 3
22, 24, 0, 1, 3
22, 24, 0, 1, 3
22, 24, 0, 1, 3
22, 24, 0, 1, 3
22, 24, 0, 1, 3
22, 24, 0, 1, 3
22, 24, 0, 1, 3
22, 24, 0, 1, 3
22, 24, 1, 0, 4
22, 24, 1, 0, 4
22, 24, 1, 0, 4
22, 24, 1, 0, 4
22, 24, 1, 0, 4
22, 24, 1, 0, 4
22, 24, 1, 0, 4
22, 24, 1, 0, 4
22, 24, 1, 0, 4
22, 24, 1, 0, 4
22, 24, 1, 0, 4
22, 24, 1, 0, 4
22, 24, 1, 0, 4
22, 24, 1, 0, 4
22, 24, 1, 0, 4
22, 24, 1, 0, 4
22, 24, 1, 0, 4
22, 24, 1, 0, 4
22, 24, 1, 0, 4
22, 24, 1, 0, 4
22, 24, 1, 0, 4
22, 24, 1, 0, 4
22, 24, 1, 0, 4
22, 24, 1, 0, 4
23, 24, 0, 1, 3
23, 24, 0, 1, 3
23, 24, 0, 1, 3
23, 24, 0, 1, 3
23, 24, 0, 1, 3
23, 24, 0, 1, 3
23, 24, 0, 1, 3
23, 24, 0, 1, 3
23, 24, 0, 1, 3
23, 24, 0, 1, 3
23, 24, 0, 1, 3
23, 24, 0, 1, 3
23, 24, 0, 1, 3
23, 24, 0, 1, 3
23, 24, 0, 1, 3
23, 24, 0, 1, 3
23, 24, 0, 1, 3
23, 24, 0, 1, 3
23, 24, 0, 1, 3
23, 24, 0, 1, 3
23, 24, 0, 1, 3
23, 24, 0, 1, 3
23, 24, 0, 1, 3
23, 24, 0, 1, 3
23, 24, 1, 0, 4
23, 24, 1, 0, 4
23, 24, 1, 0, 4
23, 24, 1, 0, 4
23, 24, 1, 0, 4
23, 24, 1, 0, 4
23, 24, 1, 0, 4
23, 24, 1, 0, 4
23, 24, 1, 0, 4
23, 24, 1, 0, 4
23, 24, 1, 0, 4
23, 24, 1, 0, 4
23, 24, 1, 0, 4
23, 24, 1, 0, 4
23, 24, 1, 0, 4
23, 24, 1, 0, 4
23, 24, 1, 0, 4
23, 24, 1, 0, 4
23, 24, 1, 0, 4
23, 24, 1, 0, 4
23, 24, 1, 0, 4
23, 24, 1, 0, 4
23, 24, 1, 0, 4
23, 24, 1, 0, 4
24, 24, 0, 1, 3
24, 24, 0, 1, 3
24, 24, 0, 1, 3
24, 24, 0, 1, 3
24, 24, 0, 1, 3
24, 24, 0, 1, 3
24, 24, 0, 1, 3
24, 24, 0, 1, 3
24, 24, 0, 1, 3
24, 24, 0, 1, 3
24, 24, 0, 1, 3
24, 24, 0, 1, 3
24, 24, 0, 1, 3
24, 24, 0, 1, 3
24, 24, 0, 1, 3
24, 24, 0, 1, 3
24, 24, 0, 1, 3
24, 24, 0, 1, 3
24, 24, 0, 1, 3
24, 24, 0, 1, 3
24, 24, 0, 1, 3
24, 24, 0, 1, 3
24, 24, 0, 1, 3
24, 24, 0, 1, 3
24, 24, 1, 0, 4
24, 24, 1, 0, 4
24, 24, 1, 0, 4
24, 24, 1, 0, 4
24, 24, 1, 0, 4
24, 24, 1, 0, 4
24, 24, 1, 0, 4
24, 24, 1, 0, 4
24, 24, 1, 0, 4
24, 24, 1, 0, 4
24, 24, 1, 0, 4
24, 24, 1, 0, 4
24, 24, 1, 0, 4
24, 24, 1, 0, 4
24, 24, 1, 0, 4
24, 24, 1, 0, 4
24, 24, 1, 0, 4
24, 24, 1, 0, 4
24, 24, 1, 0, 4
24, 24, 1, 0, 4
24, 24, 1, 0, 4
24, 24, 1, 0, 4
24, 24, 1, 0, 4
24, 24, 1, 0, 4
25, 24, 0, 1, 3
25, 24, 0, 1, 3
25, 24, 0, 1, 3
25, 24, 0, 1, 3
25, 24, 0, 1, 3
25, 24, 0, 1, 3
25, 24, 0, 1, 3
25, 24, 0, 1, 3
25, 24, 0, 1, 3
25, 24, 0, 1, 3
25, 24, 0, 1, 3
25, 24, 0, 1, 3
25, 24, 0, 1, 3
25, 24, 0, 1, 3
25, 24, 0, 1, 3
25, 24, 0, 1, 3
25, 24, 0, 1, 3
25, 24, 0, 1, 3
25, 24, 0, 1, 3
25, 24, 0, 1, 3
25, 24, 0, 1, 3
25, 24, 0, 1, 3
25, 24, 0, 1, 3
25, 24, 0, 1, 3
25, 24, 1, 0, 4
25, 24, 1, 0, 4
25, 24, 1, 0, 4
25, 24, 1, 0, 4
25, 24, 1, 0, 4
25, 24, 1, 0, 4
25, 24, 1, 0, 4
25, 24, 1, 0, 4
25, 24, 1, 0, 4
25, 24, 1, 0, 4
25, 24, 1, 0, 4
25, 24, 1, 0, 4
25, 24, 1, 0, 4
25, 24, 1, 0, 4
25, 24, 1, 0, 4
25, 24, 1, 0, 4
25, 24, 1, 0, 4
25, 24, 1, 0, 4
25, 24, 1, 0, 4
25, 24, 1, 0, 4
25, 24, 1, 0, 4
25, 24, 1, 0, 4
25, 24, 1, 0, 4
25, 24, 1, 0, 4
26, 2, 0, 1, 3
26, 2, 0, 1, 3
27, 1, 0, 1, 2
28, 1, 0, 1, 2
29, 2, 0, 1, 3
29, 2, 0, 1, 3
30, 1, 0, 1, 7
Goal
26
27
28
29
30
