CG
32
0, 25, 12, 36
0, 25, 13, 36
0, 25, 16, 36
0, 25, 17, 36
0, 25, 20, 36
0, 25, 22, 36
0, 25, 19, 48
0, 25, 14, 30
0, 25, 11, 24
0, 25, 10, 24
0, 25, 8, 12
0, 25, 15, 30
0, 25, 9, 12
0, 25, 21, 36
0, 25, 23, 48
0, 25, 25, 48
0, 25, 26, 48
0, 25, 24, 48
0, 25, 18, 24
0, 25, 1, 2
0, 25, 2, 2
0, 25, 3, 2
0, 25, 5, 2
0, 25, 6, 2
0, 25, 7, 2
0, 25, -1, 3
0, 25, -1, 3
0, 25, -1, 3
0, 25, -1, 3
0, 25, -1, 3
0, 25, -1, 3
0, 25, -1, 3
0, 25, -1, 3
0, 25, -1, 3
0, 25, -1, 3
0, 25, -1, 3
0, 25, -1, 3
1, 12, 12, 15
1, 12, 19, 5
1, 12, 14, 2
1, 12, 15, 2
1, 12, 21, 3
1, 12, 23, 4
1, 12, 25, 4
1, 12, 26, 4
1, 12, 24, 4
1, 12, 18, 2
1, 12, 4, 1
1, 12, 31, 1
1, 12, -1, 2
1, 12, -1, 2
2, 12, 13, 15
2, 12, 19, 5
2, 12, 14, 2
2, 12, 15, 2
2, 12, 21, 3
2, 12, 23, 4
2, 12, 25, 4
2, 12, 26, 4
2, 12, 24, 4
2, 12, 18, 2
2, 12, 4, 1
2, 12, 31, 1
2, 12, -1, 2
2, 12, -1, 2
3, 12, 16, 15
3, 12, 19, 5
3, 12, 14, 2
3, 12, 15, 2
3, 12, 21, 3
3, 12, 23, 4
3, 12, 25, 4
3, 12, 26, 4
3, 12, 24, 4
3, 12, 18, 2
3, 12, 4, 1
3, 12, 31, 1
3, 12, -1, 2
3, 12, -1, 2
4, 13, 12, 11
4, 13, 13, 11
4, 13, 16, 11
4, 13, 17, 11
4, 13, 20, 11
4, 13, 22, 11
4, 13, 19, 6
4, 13, 21, 18
4, 13, 23, 24
4, 13, 25, 24
4, 13, 26, 24
4, 13, 24, 24
4, 13, 18, 12
5, 12, 17, 15
5, 12, 19, 5
5, 12, 14, 2
5, 12, 15, 2
5, 12, 21, 3
5, 12, 23, 4
5, 12, 25, 4
5, 12, 26, 4
5, 12, 24, 4
5, 12, 18, 2
5, 12, 4, 1
5, 12, 31, 1
5, 12, -1, 2
5, 12, -1, 2
6, 12, 20, 15
6, 12, 19, 5
6, 12, 14, 2
6, 12, 15, 2
6, 12, 21, 3
6, 12, 23, 4
6, 12, 25, 4
6, 12, 26, 4
6, 12, 24, 4
6, 12, 18, 2
6, 12, 4, 1
6, 12, 31, 1
6, 12, -1, 2
6, 12, -1, 2
7, 12, 22, 15
7, 12, 19, 5
7, 12, 14, 2
7, 12, 15, 2
7, 12, 21, 3
7, 12, 23, 4
7, 12, 25, 4
7, 12, 26, 4
7, 12, 24, 4
7, 12, 18, 2
7, 12, 4, 1
7, 12, 31, 1
7, 12, -1, 2
7, 12, -1, 2
8, 7, 12, 1
8, 7, 13, 1
8, 7, 16, 1
8, 7, 17, 1
8, 7, 20, 1
8, 7, 22, 1
8, 7, 10, 6
9, 7, 12, 1
9, 7, 13, 1
9, 7, 16, 1
9, 7, 17, 1
9, 7, 20, 1
9, 7, 22, 1
9, 7, 15, 6
10, 8, 12, 2
10, 8, 13, 2
10, 8, 16, 2
10, 8, 17, 2
10, 8, 20, 2
10, 8, 22, 2
10, 8, 11, 6
10, 8, 8, 6
11, 8, 12, 2
11, 8, 13, 2
11, 8, 16, 2
11, 8, 17, 2
11, 8, 20, 2
11, 8, 22, 2
11, 8, 14, 6
11, 8, 10, 6
12, 15, 19, 8
12, 15, 14, 5
12, 15, 11, 4
12, 15, 10, 4
12, 15, 8, 2
12, 15, 15, 5
12, 15, 9, 2
12, 15, 21, 6
12, 15, 23, 8
12, 15, 25, 8
12, 15, 26, 8
12, 15, 24, 8
12, 15, 18, 4
12, 15, 1, 2
12, 15, 27, 2
12, 15, -1, 3
12, 15, -1, 3
13, 15, 19, 8
13, 15, 14, 5
13, 15, 11, 4
13, 15, 10, 4
13, 15, 8, 2
13, 15, 15, 5
13, 15, 9, 2
13, 15, 21, 6
13, 15, 23, 8
13, 15, 25, 8
13, 15, 26, 8
13, 15, 24, 8
13, 15, 18, 4
13, 15, 2, 2
13, 15, 27, 2
13, 15, -1, 3
13, 15, -1, 3
14, 14, 12, 3
14, 14, 13, 3
14, 14, 16, 3
14, 14, 17, 3
14, 14, 20, 3
14, 14, 22, 3
14, 14, 19, 12
14, 14, 11, 6
14, 14, 1, 1
14, 14, 2, 1
14, 14, 3, 1
14, 14, 5, 1
14, 14, 6, 1
14, 14, 7, 1
14, 14, -1, 2
14, 14, -1, 2
14, 14, -1, 2
14, 14, -1, 2
14, 14, -1, 2
14, 14, -1, 2
15, 14, 12, 3
15, 14, 13, 3
15, 14, 16, 3
15, 14, 17, 3
15, 14, 20, 3
15, 14, 22, 3
15, 14, 19, 12
15, 14, 9, 6
15, 14, 1, 1
15, 14, 2, 1
15, 14, 3, 1
15, 14, 5, 1
15, 14, 6, 1
15, 14, 7, 1
15, 14, -1, 2
15, 14, -1, 2
15, 14, -1, 2
15, 14, -1, 2
15, 14, -1, 2
15, 14, -1, 2
16, 15, 19, 8
16, 15, 14, 5
16, 15, 11, 4
16, 15, 10, 4
16, 15, 8, 2
16, 15, 15, 5
16, 15, 9, 2
16, 15, 21, 6
16, 15, 23, 8
16, 15, 25, 8
16, 15, 26, 8
16, 15, 24, 8
16, 15, 18, 4
16, 15, 3, 2
16, 15, 28, 1
16, 15, -1, 3
16, 15, -1, 3
17, 15, 19, 8
17, 15, 14, 5
17, 15, 11, 4
17, 15, 10, 4
17, 15, 8, 2
17, 15, 15, 5
17, 15, 9, 2
17, 15, 21, 6
17, 15, 23, 8
17, 15, 25, 8
17, 15, 26, 8
17, 15, 24, 8
17, 15, 18, 4
17, 15, 5, 2
17, 15, 29, 1
17, 15, -1, 3
17, 15, -1, 3
18, 7, 12, 2
18, 7, 13, 2
18, 7, 16, 2
18, 7, 17, 2
18, 7, 20, 2
18, 7, 22, 2
18, 7, 24, 12
19, 9, 12, 3
19, 9, 13, 3
19, 9, 16, 3
19, 9, 17, 3
19, 9, 20, 3
19, 9, 22, 3
19, 9, 14, 6
19, 9, 15, 6
19, 9, 21, 6
19, 9, -1, 1
19, 9, -1, 1
19, 9, -1, 1
19, 9, -1, 1
19, 9, -1, 1
19, 9, -1, 1
19, 9, -1, 1
19, 9, -1, 1
19, 9, -1, 1
19, 9, -1, 1
19, 9, -1, 1
19, 9, -1, 1
20, 15, 19, 8
20, 15, 14, 5
20, 15, 11, 4
20, 15, 10, 4
20, 15, 8, 2
20, 15, 15, 5
20, 15, 9, 2
20, 15, 21, 6
20, 15, 23, 8
20, 15, 25, 8
20, 15, 26, 8
20, 15, 24, 8
20, 15, 18, 4
20, 15, 6, 2
20, 15, 30, 2
20, 15, -1, 3
20, 15, -1, 3
21, 8, 12, 3
21, 8, 13, 3
21, 8, 16, 3
21, 8, 17, 3
21, 8, 20, 3
21, 8, 22, 3
21, 8, 19, 6
21, 8, 23, 12
22, 15, 19, 8
22, 15, 14, 5
22, 15, 11, 4
22, 15, 10, 4
22, 15, 8, 2
22, 15, 15, 5
22, 15, 9, 2
22, 15, 21, 6
22, 15, 23, 8
22, 15, 25, 8
22, 15, 26, 8
22, 15, 24, 8
22, 15, 18, 4
22, 15, 7, 2
22, 15, 30, 2
22, 15, -1, 3
22, 15, -1, 3
23, 8, 12, 4
23, 8, 13, 4
23, 8, 16, 4
23, 8, 17, 4
23, 8, 20, 4
23, 8, 22, 4
23, 8, 21, 12
23, 8, 25, 12
24, 8, 12, 4
24, 8, 13, 4
24, 8, 16, 4
24, 8, 17, 4
24, 8, 20, 4
24, 8, 22, 4
24, 8, 26, 12
24, 8, 18, 12
25, 8, 12, 4
25, 8, 13, 4
25, 8, 16, 4
25, 8, 17, 4
25, 8, 20, 4
25, 8, 22, 4
25, 8, 23, 12
25, 8, 26, 12
26, 8, 12, 4
26, 8, 13, 4
26, 8, 16, 4
26, 8, 17, 4
26, 8, 20, 4
26, 8, 22, 4
26, 8, 25, 12
26, 8, 24, 12
DTG
0, 5, 0, 1, 1
0, 5, 0, 2, 1
0, 5, 0, 3, 1
0, 5, 0, 4, 1
0, 5, 0, 5, 1
0, 5, 1, 0, 1
0, 5, 1, 2, 1
0, 5, 1, 3, 1
0, 5, 1, 4, 1
0, 5, 1, 5, 1
0, 5, 2, 0, 1
0, 5, 2, 1, 1
0, 5, 2, 3, 1
0, 5, 2, 4, 1
0, 5, 2, 5, 1
0, 5, 3, 0, 1
0, 5, 3, 1, 1
0, 5, 3, 2, 1
0, 5, 3, 4, 1
0, 5, 3, 5, 1
0, 5, 4, 0, 1
0, 5, 4, 1, 1
0, 5, 4, 2, 1
0, 5, 4, 3, 1
0, 5, 4, 5, 1
0, 5, 5, 0, 1
0, 5, 5, 1, 1
0, 5, 5, 2, 1
0, 5, 5, 3, 1
0, 5, 5, 4, 1
1, 2, 1, 0, 4
1, 2, 1, 0, 4
2, 2, 1, 0, 4
2, 2, 1, 0, 4
3, 2, 1, 0, 4
3, 2, 1, 0, 4
4, 1, 0, 1, 7
5, 2, 1, 0, 4
5, 2, 1, 0, 4
6, 2, 1, 0, 4
6, 2, 1, 0, 4
7, 2, 1, 0, 4
7, 2, 1, 0, 4
8, 6, 0, 1, 3
8, 6, 0, 1, 3
8, 6, 0, 1, 3
8, 6, 0, 1, 3
8, 6, 0, 1, 3
8, 6, 0, 1, 3
8, 6, 1, 0, 4
8, 6, 1, 0, 4
8, 6, 1, 0, 4
8, 6, 1, 0, 4
8, 6, 1, 0, 4
8, 6, 1, 0, 4
9, 6, 0, 1, 3
9, 6, 0, 1, 3
9, 6, 0, 1, 3
9, 6, 0, 1, 3
9, 6, 0, 1, 3
9, 6, 0, 1, 3
9, 6, 1, 0, 4
9, 6, 1, 0, 4
9, 6, 1, 0, 4
9, 6, 1, 0, 4
9, 6, 1, 0, 4
9, 6, 1, 0, 4
10, 12, 0, 1, 3
10, 12, 0, 1, 3
10, 12, 0, 1, 3
10, 12, 0, 1, 3
10, 12, 0, 1, 3
10, 12, 0, 1, 3
10, 12, 0, 1, 3
10, 12, 0, 1, 3
10, 12, 0, 1, 3
10, 12, 0, 1, 3
10, 12, 0, 1, 3
10, 12, 0, 1, 3
10, 12, 1, 0, 4
10, 12, 1, 0, 4
10, 12, 1, 0, 4
10, 12, 1, 0, 4
10, 12, 1, 0, 4
10, 12, 1, 0, 4
10, 12, 1, 0, 4
10, 12, 1, 0, 4
10, 12, 1, 0, 4
10, 12, 1, 0, 4
10, 12, 1, 0, 4
10, 12, 1, 0, 4
11, 12, 0, 1, 3
11, 12, 0, 1, 3
11, 12, 0, 1, 3
11, 12, 0, 1, 3
11, 12, 0, 1, 3
11, 12, 0, 1, 3
11, 12, 0, 1, 3
11, 12, 0, 1, 3
11, 12, 0, 1, 3
11, 12, 0, 1, 3
11, 12, 0, 1, 3
11, 12, 0, 1, 3
11, 12, 1, 0, 4
11, 12, 1, 0, 4
11, 12, 1, 0, 4
11, 12, 1, 0, 4
11, 12, 1, 0, 4
11, 12, 1, 0, 4
11, 12, 1, 0, 4
11, 12, 1, 0, 4
11, 12, 1, 0, 4
11, 12, 1, 0, 4
11, 12, 1, 0, 4
11, 12, 1, 0, 4
12, 5, 0, 1, 4
12, 5, 0, 1, 4
12, 5, 0, 5, 4
12, 5, 0, 5, 4
12, 5, 0, 7, 4
12, 2, 1, 0, 3
12, 2, 1, 2, 3
12, 2, 2, 1, 3
12, 2, 2, 3, 3
12, 2, 3, 2, 3
12, 2, 3, 4, 3
12, 1, 4, 3, 3
12, 2, 5, 0, 3
12, 2, 5, 6, 3
12, 1, 6, 5, 3
12, 3, 7, 0, 4
12, 3, 7, 8, 4
12, 3, 7, 8, 4
12, 4, 8, 7, 4
12, 4, 8, 7, 4
12, 4, 8, 9, 4
12, 4, 8, 9, 4
12, 4, 9, 8, 4
12, 4, 9, 8, 4
12, 4, 9, 10, 4
12, 4, 9, 10, 4
12, 4, 10, 9, 4
12, 4, 10, 9, 4
12, 4, 10, 11, 4
12, 4, 10, 11, 4
12, 4, 11, 10, 4
12, 4, 11, 10, 4
12, 4, 11, 12, 4
12, 4, 11, 12, 4
12, 2, 12, 11, 4
12, 2, 12, 11, 4
13, 5, 0, 1, 4
13, 5, 0, 1, 4
13, 5, 0, 5, 4
13, 5, 0, 5, 4
13, 5, 0, 7, 4
13, 2, 1, 0, 3
13, 2, 1, 2, 3
13, 2, 2, 1, 3
13, 2, 2, 3, 3
13, 2, 3, 2, 3
13, 2, 3, 4, 3
13, 1, 4, 3, 3
13, 2, 5, 0, 3
13, 2, 5, 6, 3
13, 1, 6, 5, 3
13, 3, 7, 0, 4
13, 3, 7, 8, 4
13, 3, 7, 8, 4
13, 4, 8, 7, 4
13, 4, 8, 7, 4
13, 4, 8, 9, 4
13, 4, 8, 9, 4
13, 4, 9, 8, 4
13, 4, 9, 8, 4
13, 4, 9, 10, 4
13, 4, 9, 10, 4
13, 4, 10, 9, 4
13, 4, 10, 9, 4
13, 4, 10, 11, 4
13, 4, 10, 11, 4
13, 4, 11, 10, 4
13, 4, 11, 10, 4
13, 4, 11, 12, 4
13, 4, 11, 12, 4
13, 2, 12, 11, 4
13, 2, 12, 11, 4
14, 18, 0, 1, 3
14, 18, 0, 1, 3
14, 18, 0, 1, 3
14, 18, 0, 1, 3
14, 18, 0, 1, 3
14, 18, 0, 1, 3
14, 18, 0, 1, 4
14, 18, 0, 1, 4
14, 18, 0, 1, 4
14, 18, 0, 1, 4
14, 18, 0, 1, 4
14, 18, 0, 1, 4
14, 18, 0, 1, 4
14, 18, 0, 1, 4
14, 18, 0, 1, 4
14, 18, 0, 1, 4
14, 18, 0, 1, 4
14, 18, 0, 1, 4
14, 12, 1, 0, 4
14, 12, 1, 0, 4
14, 12, 1, 0, 4
14, 12, 1, 0, 4
14, 12, 1, 0, 4
14, 12, 1, 0, 4
14, 12, 1, 0, 4
14, 12, 1, 0, 4
14, 12, 1, 0, 4
14, 12, 1, 0, 4
14, 12, 1, 0, 4
14, 12, 1, 0, 4
15, 18, 0, 1, 3
15, 18, 0, 1, 3
15, 18, 0, 1, 3
15, 18, 0, 1, 3
15, 18, 0, 1, 3
15, 18, 0, 1, 3
15, 18, 0, 1, 4
15, 18, 0, 1, 4
15, 18, 0, 1, 4
15, 18, 0, 1, 4
15, 18, 0, 1, 4
15, 18, 0, 1, 4
15, 18, 0, 1, 4
15, 18, 0, 1, 4
15, 18, 0, 1, 4
15, 18, 0, 1, 4
15, 18, 0, 1, 4
15, 18, 0, 1, 4
15, 12, 1, 0, 4
15, 12, 1, 0, 4
15, 12, 1, 0, 4
15, 12, 1, 0, 4
15, 12, 1, 0, 4
15, 12, 1, 0, 4
15, 12, 1, 0, 4
15, 12, 1, 0, 4
15, 12, 1, 0, 4
15, 12, 1, 0, 4
15, 12, 1, 0, 4
15, 12, 1, 0, 4
16, 5, 0, 1, 4
16, 5, 0, 1, 4
16, 5, 0, 5, 4
16, 5, 0, 5, 4
16, 5, 0, 7, 4
16, 2, 1, 0, 3
16, 2, 1, 2, 3
16, 2, 2, 1, 3
16, 2, 2, 3, 3
16, 2, 3, 2, 3
16, 2, 3, 4, 3
16, 1, 4, 3, 3
16, 2, 5, 0, 3
16, 2, 5, 6, 3
16, 1, 6, 5, 3
16, 3, 7, 0, 4
16, 3, 7, 8, 4
16, 3, 7, 8, 4
16, 4, 8, 7, 4
16, 4, 8, 7, 4
16, 4, 8, 9, 4
16, 4, 8, 9, 4
16, 4, 9, 8, 4
16, 4, 9, 8, 4
16, 4, 9, 10, 4
16, 4, 9, 10, 4
16, 4, 10, 9, 4
16, 4, 10, 9, 4
16, 4, 10, 11, 4
16, 4, 10, 11, 4
16, 4, 11, 10, 4
16, 4, 11, 10, 4
16, 4, 11, 12, 4
16, 4, 11, 12, 4
16, 2, 12, 11, 4
16, 2, 12, 11, 4
17, 5, 0, 1, 4
17, 5, 0, 1, 4
17, 5, 0, 5, 4
17, 5, 0, 5, 4
17, 5, 0, 7, 4
17, 2, 1, 0, 3
17, 2, 1, 2, 3
17, 2, 2, 1, 3
17, 2, 2, 3, 3
17, 2, 3, 2, 3
17, 2, 3, 4, 3
17, 1, 4, 3, 3
17, 2, 5, 0, 3
17, 2, 5, 6, 3
17, 1, 6, 5, 3
17, 3, 7, 0, 4
17, 3, 7, 8, 4
17, 3, 7, 8, 4
17, 4, 8, 7, 4
17, 4, 8, 7, 4
17, 4, 8, 9, 4
17, 4, 8, 9, 4
17, 4, 9, 8, 4
17, 4, 9, 8, 4
17, 4, 9, 10, 4
17, 4, 9, 10, 4
17, 4, 10, 9, 4
17, 4, 10, 9, 4
17, 4, 10, 11, 4
17, 4, 10, 11, 4
17, 4, 11, 10, 4
17, 4, 11, 10, 4
17, 4, 11, 12, 4
17, 4, 11, 12, 4
17, 2, 12, 11, 4
17, 2, 12, 11, 4
18, 12, 0, 1, 4
18, 12, 0, 1, 4
18, 12, 0, 1, 4
18, 12, 0, 1, 4
18, 12, 0, 1, 4
18, 12, 0, 1, 4
18, 12, 0, 1, 4
18, 12, 0, 1, 4
18, 12, 0, 1, 4
18, 12, 0, 1, 4
18, 12, 0, 1, 4
18, 12, 0, 1, 4
18, 12, 1, 0, 5
18, 12, 1, 0, 5
18, 12, 1, 0, 5
18, 12, 1, 0, 5
18, 12, 1, 0, 5
18, 12, 1, 0, 5
18, 12, 1, 0, 5
18, 12, 1, 0, 5
18, 12, 1, 0, 5
18, 12, 1, 0, 5
18, 12, 1, 0, 5
18, 12, 1, 0, 5
19, 18, 0, 1, 3
19, 18, 0, 1, 3
19, 18, 0, 1, 3
19, 18, 0, 1, 3
19, 18, 0, 1, 3
19, 18, 0, 1, 3
19, 18, 0, 1, 3
19, 18, 0, 1, 3
19, 18, 0, 1, 3
19, 18, 0, 1, 3
19, 18, 0, 1, 3
19, 18, 0, 1, 3
19, 18, 0, 1, 4
19, 18, 0, 1, 4
19, 18, 0, 1, 4
19, 18, 0, 1, 4
19, 18, 0, 1, 4
19, 18, 0, 1, 4
19, 30, 1, 0, 5
19, 30, 1, 0, 5
19, 30, 1, 0, 5
19, 30, 1, 0, 5
19, 30, 1, 0, 5
19, 30, 1, 0, 5
19, 30, 1, 0, 5
19, 30, 1, 0, 5
19, 30, 1, 0, 5
19, 30, 1, 0, 5
19, 30, 1, 0, 5
19, 30, 1, 0, 5
19, 30, 1, 0, 5
19, 30, 1, 0, 5
19, 30, 1, 0, 5
19, 30, 1, 0, 5
19, 30, 1, 0, 5
19, 30, 1, 0, 5
19, 30, 1, 0, 5
19, 30, 1, 0, 5
19, 30, 1, 0, 5
19, 30, 1, 0, 5
19, 30, 1, 0, 5
19, 30, 1, 0, 5
19, 30, 1, 0, 5
19, 30, 1, 0, 5
19, 30, 1, 0, 5
19, 30, 1, 0, 5
19, 30, 1, 0, 5
19, 30, 1, 0, 5
20, 5, 0, 1, 4
20, 5, 0, 1, 4
20, 5, 0, 5, 4
20, 5, 0, 5, 4
20, 5, 0, 7, 4
20, 2, 1, 0, 3
20, 2, 1, 2, 3
20, 2, 2, 1, 3
20, 2, 2, 3, 3
20, 2, 3, 2, 3
20, 2, 3, 4, 3
20, 1, 4, 3, 3
20, 2, 5, 0, 3
20, 2, 5, 6, 3
20, 1, 6, 5, 3
20, 3, 7, 0, 4
20, 3, 7, 8, 4
20, 3, 7, 8, 4
20, 4, 8, 7, 4
20, 4, 8, 7, 4
20, 4, 8, 9, 4
20, 4, 8, 9, 4
20, 4, 9, 8, 4
20, 4, 9, 8, 4
20, 4, 9, 10, 4
20, 4, 9, 10, 4
20, 4, 10, 9, 4
20, 4, 10, 9, 4
20, 4, 10, 11, 4
20, 4, 10, 11, 4
20, 4, 11, 10, 4
20, 4, 11, 10, 4
20, 4, 11, 12, 4
20, 4, 11, 12, 4
20, 2, 12, 11, 4
20, 2, 12, 11, 4
21, 18, 0, 1, 4
21, 18, 0, 1, 4
21, 18, 0, 1, 4
21, 18, 0, 1, 4
21, 18, 0, 1, 4
21, 18, 0, 1, 4
21, 18, 0, 1, 4
21, 18, 0, 1, 4
21, 18, 0, 1, 4
21, 18, 0, 1, 4
21, 18, 0, 1, 4
21, 18, 0, 1, 4
21, 18, 0, 1, 4
21, 18, 0, 1, 4
21, 18, 0, 1, 4
21, 18, 0, 1, 4
21, 18, 0, 1, 4
21, 18, 0, 1, 4
21, 18, 1, 0, 5
21, 18, 1, 0, 5
21, 18, 1, 0, 5
21, 18, 1, 0, 5
21, 18, 1, 0, 5
21, 18, 1, 0, 5
21, 18, 1, 0, 5
21, 18, 1, 0, 5
21, 18, 1, 0, 5
21, 18, 1, 0, 5
21, 18, 1, 0, 5
21, 18, 1, 0, 5
21, 18, 1, 0, 5
21, 18, 1, 0, 5
21, 18, 1, 0, 5
21, 18, 1, 0, 5
21, 18, 1, 0, 5
21, 18, 1, 0, 5
22, 5, 0, 1, 4
22, 5, 0, 1, 4
22, 5, 0, 5, 4
22, 5, 0, 5, 4
22, 5, 0, 7, 4
22, 2, 1, 0, 3
22, 2, 1, 2, 3
22, 2, 2, 1, 3
22, 2, 2, 3, 3
22, 2, 3, 2, 3
22, 2, 3, 4, 3
22, 1, 4, 3, 3
22, 2, 5, 0, 3
22, 2, 5, 6, 3
22, 1, 6, 5, 3
22, 3, 7, 0, 4
22, 3, 7, 8, 4
22, 3, 7, 8, 4
22, 4, 8, 7, 4
22, 4, 8, 7, 4
22, 4, 8, 9, 4
22, 4, 8, 9, 4
22, 4, 9, 8, 4
22, 4, 9, 8, 4
22, 4, 9, 10, 4
22, 4, 9, 10, 4
22, 4, 10, 9, 4
22, 4, 10, 9, 4
22, 4, 10, 11, 4
22, 4, 10, 11, 4
22, 4, 11, 10, 4
22, 4, 11, 10, 4
22, 4, 11, 12, 4
22, 4, 11, 12, 4
22, 2, 12, 11, 4
22, 2, 12, 11, 4
23, 24, 0, 1, 4
23, 24, 0, 1, 4
23, 24, 0, 1, 4
23, 24, 0, 1, 4
23, 24, 0, 1, 4
23, 24, 0, 1, 4
23, 24, 0, 1, 4
23, 24, 0, 1, 4
23, 24, 0, 1, 4
23, 24, 0, 1, 4
23, 24, 0, 1, 4
23, 24, 0, 1, 4
23, 24, 0, 1, 4
23, 24, 0, 1, 4
23, 24, 0, 1, 4
23, 24, 0, 1, 4
23, 24, 0, 1, 4
23, 24, 0, 1, 4
23, 24, 0, 1, 4
23, 24, 0, 1, 4
23, 24, 0, 1, 4
23, 24, 0, 1, 4
23, 24, 0, 1, 4
23, 24, 0, 1, 4
23, 24, 1, 0, 5
23, 24, 1, 0, 5
23, 24, 1, 0, 5
23, 24, 1, 0, 5
23, 24, 1, 0, 5
23, 24, 1, 0, 5
23, 24, 1, 0, 5
23, 24, 1, 0, 5
23, 24, 1, 0, 5
23, 24, 1, 0, 5
23, 24, 1, 0, 5
23, 24, 1, 0, 5
23, 24, 1, 0, 5
23, 24, 1, 0, 5
23, 24, 1, 0, 5
23, 24, 1, 0, 5
23, 24, 1, 0, 5
23, 24, 1, 0, 5
23, 24, 1, 0, 5
23, 24, 1, 0, 5
23, 24, 1, 0, 5
23, 24, 1, 0, 5
23, 24, 1, 0, 5
23, 24, 1, 0, 5
24, 24, 0, 1, 4
24, 24, 0, 1, 4
24, 24, 0, 1, 4
24, 24, 0, 1, 4
24, 24, 0, 1, 4
24, 24, 0, 1, 4
24, 24, 0, 1, 4
24, 24, 0, 1, 4
24, 24, 0, 1, 4
24, 24, 0, 1, 4
24, 24, 0, 1, 4
24, 24, 0, 1, 4
24, 24, 0, 1, 4
24, 24, 0, 1, 4
24, 24, 0, 1, 4
24, 24, 0, 1, 4
24, 24, 0, 1, 4
24, 24, 0, 1, 4
24, 24, 0, 1, 4
24, 24, 0, 1, 4
24, 24, 0, 1, 4
24, 24, 0, 1, 4
24, 24, 0, 1, 4
24, 24, 0, 1, 4
24, 24, 1, 0, 5
24, 24, 1, 0, 5
24, 24, 1, 0, 5
24, 24, 1, 0, 5
24, 24, 1, 0, 5
24, 24, 1, 0, 5
24, 24, 1, 0, 5
24, 24, 1, 0, 5
24, 24, 1, 0, 5
24, 24, 1, 0, 5
24, 24, 1, 0, 5
24, 24, 1, 0, 5
24, 24, 1, 0, 5
24, 24, 1, 0, 5
24, 24, 1, 0, 5
24, 24, 1, 0, 5
24, 24, 1, 0, 5
24, 24, 1, 0, 5
24, 24, 1, 0, 5
24, 24, 1, 0, 5
24, 24, 1, 0, 5
24, 24, 1, 0, 5
24, 24, 1, 0, 5
24, 24, 1, 0, 5
25, 24, 0, 1, 4
25, 24, 0, 1, 4
25, 24, 0, 1, 4
25, 24, 0, 1, 4
25, 24, 0, 1, 4
25, 24, 0, 1, 4
25, 24, 0, 1, 4
25, 24, 0, 1, 4
25, 24, 0, 1, 4
25, 24, 0, 1, 4
25, 24, 0, 1, 4
25, 24, 0, 1, 4
25, 24, 0, 1, 4
25, 24, 0, 1, 4
25, 24, 0, 1, 4
25, 24, 0, 1, 4
25, 24, 0, 1, 4
25, 24, 0, 1, 4
25, 24, 0, 1, 4
25, 24, 0, 1, 4
25, 24, 0, 1, 4
25, 24, 0, 1, 4
25, 24, 0, 1, 4
25, 24, 0, 1, 4
25, 24, 1, 0, 5
25, 24, 1, 0, 5
25, 24, 1, 0, 5
25, 24, 1, 0, 5
25, 24, 1, 0, 5
25, 24, 1, 0, 5
25, 24, 1, 0, 5
25, 24, 1, 0, 5
25, 24, 1, 0, 5
25, 24, 1, 0, 5
25, 24, 1, 0, 5
25, 24, 1, 0, 5
25, 24, 1, 0, 5
25, 24, 1, 0, 5
25, 24, 1, 0, 5
25, 24, 1, 0, 5
25, 24, 1, 0, 5
25, 24, 1, 0, 5
25, 24, 1, 0, 5
25, 24, 1, 0, 5
25, 24, 1, 0, 5
25, 24, 1, 0, 5
25, 24, 1, 0, 5
25, 24, 1, 0, 5
26, 24, 0, 1, 4
26, 24, 0, 1, 4
26, 24, 0, 1, 4
26, 24, 0, 1, 4
26, 24, 0, 1, 4
26, 24, 0, 1, 4
26, 24, 0, 1, 4
26, 24, 0, 1, 4
26, 24, 0, 1, 4
26, 24, 0, 1, 4
26, 24, 0, 1, 4
26, 24, 0, 1, 4
26, 24, 0, 1, 4
26, 24, 0, 1, 4
26, 24, 0, 1, 4
26, 24, 0, 1, 4
26, 24, 0, 1, 4
26, 24, 0, 1, 4
26, 24, 0, 1, 4
26, 24, 0, 1, 4
26, 24, 0, 1, 4
26, 24, 0, 1, 4
26, 24, 0, 1, 4
26, 24, 0, 1, 4
26, 24, 1, 0, 5
26, 24, 1, 0, 5
26, 24, 1, 0, 5
26, 24, 1, 0, 5
26, 24, 1, 0, 5
26, 24, 1, 0, 5
26, 24, 1, 0, 5
26, 24, 1, 0, 5
26, 24, 1, 0, 5
26, 24, 1, 0, 5
26, 24, 1, 0, 5
26, 24, 1, 0, 5
26, 24, 1, 0, 5
26, 24, 1, 0, 5
26, 24, 1, 0, 5
26, 24, 1, 0, 5
26, 24, 1, 0, 5
26, 24, 1, 0, 5
26, 24, 1, 0, 5
26, 24, 1, 0, 5
26, 24, 1, 0, 5
26, 24, 1, 0, 5
26, 24, 1, 0, 5
26, 24, 1, 0, 5
27, 2, 0, 1, 3
27, 2, 0, 1, 3
28, 1, 0, 1, 2
29, 1, 0, 1, 2
30, 2, 0, 1, 3
30, 2, 0, 1, 3
31, 1, 0, 1, 7
Goal
27
28
29
30
31
