CG
92
0, 44, 40, 54
0, 44, 31, 36
0, 44, 24, 18
0, 44, 18, 12
0, 44, 90, 6
0, 44, 89, 6
0, 44, 88, 6
0, 44, 2, 1
0, 44, 4, 1
0, 44, 6, 1
0, 44, 8, 1
0, 44, 10, 1
0, 44, 43, 12
0, 44, 44, 9
0, 44, 46, 9
0, 44, 49, 9
0, 44, 51, 9
0, 44, 59, 9
0, 44, 65, 9
0, 44, 37, 12
0, 44, 38, 6
0, 44, 39, 6
0, 44, 41, 6
0, 44, 48, 6
0, 44, 53, 6
0, 44, 12, 6
0, 44, 1, 5
0, 44, 3, 1
0, 44, 5, 1
0, 44, 7, 1
0, 44, 9, 1
0, 44, 11, 1
0, 44, 61, 18
0, 44, 60, 12
0, 44, 57, 12
0, 44, 56, 12
0, 44, 55, 12
0, 44, 54, 6
0, 44, 64, 18
0, 44, 63, 18
0, 44, 62, 18
0, 44, 52, 9
0, 44, 67, 18
0, 44, 66, 9
1, 11, 0, 5
1, 11, 2, 1
1, 11, 4, 1
1, 11, 6, 1
1, 11, 8, 1
1, 11, 10, 1
1, 11, 3, 1
1, 11, 5, 1
1, 11, 7, 1
1, 11, 9, 1
1, 11, 11, 1
2, 46, 42, 54
2, 46, 32, 36
2, 46, 30, 22
2, 46, 19, 12
2, 46, 87, 6
2, 46, 86, 6
2, 46, 85, 6
2, 46, 84, 6
2, 46, 0, 1
2, 46, 4, 1
2, 46, 6, 1
2, 46, 8, 1
2, 46, 10, 1
2, 46, 43, 12
2, 46, 44, 9
2, 46, 46, 9
2, 46, 49, 9
2, 46, 51, 9
2, 46, 59, 9
2, 46, 65, 9
2, 46, 37, 6
2, 46, 38, 12
2, 46, 39, 6
2, 46, 41, 6
2, 46, 48, 6
2, 46, 53, 6
2, 46, 13, 6
2, 46, 1, 1
2, 46, 3, 5
2, 46, 5, 1
2, 46, 7, 1
2, 46, 9, 1
2, 46, 11, 1
2, 46, 29, 18
2, 46, 61, 18
2, 46, 60, 18
2, 46, 57, 12
2, 46, 56, 12
2, 46, 55, 12
2, 46, 54, 6
2, 46, 64, 18
2, 46, 63, 18
2, 46, 62, 18
2, 46, 52, 9
2, 46, 67, 18
2, 46, 66, 9
3, 11, 0, 1
3, 11, 2, 5
3, 11, 4, 1
3, 11, 6, 1
3, 11, 8, 1
3, 11, 10, 1
3, 11, 1, 1
3, 11, 5, 1
3, 11, 7, 1
3, 11, 9, 1
3, 11, 11, 1
4, 45, 45, 54
4, 45, 33, 36
4, 45, 25, 18
4, 45, 83, 6
4, 45, 82, 6
4, 45, 20, 12
4, 45, 81, 6
4, 45, 80, 6
4, 45, 0, 1
4, 45, 2, 1
4, 45, 6, 1
4, 45, 8, 1
4, 45, 10, 1
4, 45, 43, 12
4, 45, 44, 9
4, 45, 46, 9
4, 45, 49, 9
4, 45, 51, 9
4, 45, 59, 9
4, 45, 65, 9
4, 45, 37, 6
4, 45, 38, 6
4, 45, 39, 12
4, 45, 41, 6
4, 45, 48, 6
4, 45, 53, 6
4, 45, 14, 6
4, 45, 1, 1
4, 45, 3, 1
4, 45, 5, 5
4, 45, 7, 1
4, 45, 9, 1
4, 45, 11, 1
4, 45, 61, 12
4, 45, 60, 18
4, 45, 57, 18
4, 45, 56, 12
4, 45, 55, 12
4, 45, 54, 6
4, 45, 64, 18
4, 45, 63, 18
4, 45, 62, 18
4, 45, 52, 9
4, 45, 67, 18
4, 45, 66, 9
5, 11, 0, 1
5, 11, 2, 1
5, 11, 4, 5
5, 11, 6, 1
5, 11, 8, 1
5, 11, 10, 1
5, 11, 1, 1
5, 11, 3, 1
5, 11, 7, 1
5, 11, 9, 1
5, 11, 11, 1
6, 45, 47, 54
6, 45, 34, 36
6, 45, 26, 18
6, 45, 79, 6
6, 45, 78, 6
6, 45, 77, 6
6, 45, 21, 12
6, 45, 76, 6
6, 45, 0, 1
6, 45, 2, 1
6, 45, 4, 1
6, 45, 8, 1
6, 45, 10, 1
6, 45, 43, 12
6, 45, 44, 9
6, 45, 46, 9
6, 45, 49, 9
6, 45, 51, 9
6, 45, 59, 9
6, 45, 65, 9
6, 45, 37, 6
6, 45, 38, 6
6, 45, 39, 6
6, 45, 41, 12
6, 45, 48, 6
6, 45, 53, 6
6, 45, 15, 6
6, 45, 1, 1
6, 45, 3, 1
6, 45, 5, 1
6, 45, 7, 5
6, 45, 9, 1
6, 45, 11, 1
6, 45, 61, 12
6, 45, 60, 12
6, 45, 57, 18
6, 45, 56, 18
6, 45, 55, 12
6, 45, 54, 6
6, 45, 64, 18
6, 45, 63, 18
6, 45, 62, 18
6, 45, 52, 9
6, 45, 67, 18
6, 45, 66, 9
7, 11, 0, 1
7, 11, 2, 1
7, 11, 4, 1
7, 11, 6, 5
7, 11, 8, 1
7, 11, 10, 1
7, 11, 1, 1
7, 11, 3, 1
7, 11, 5, 1
7, 11, 9, 1
7, 11, 11, 1
8, 45, 50, 54
8, 45, 35, 36
8, 45, 27, 18
8, 45, 75, 6
8, 45, 74, 6
8, 45, 73, 6
8, 45, 72, 6
8, 45, 22, 12
8, 45, 0, 1
8, 45, 2, 1
8, 45, 4, 1
8, 45, 6, 1
8, 45, 10, 1
8, 45, 43, 12
8, 45, 44, 9
8, 45, 46, 9
8, 45, 49, 9
8, 45, 51, 9
8, 45, 59, 9
8, 45, 65, 9
8, 45, 37, 6
8, 45, 38, 6
8, 45, 39, 6
8, 45, 41, 6
8, 45, 48, 12
8, 45, 53, 6
8, 45, 16, 6
8, 45, 1, 1
8, 45, 3, 1
8, 45, 5, 1
8, 45, 7, 1
8, 45, 9, 5
8, 45, 11, 1
8, 45, 61, 12
8, 45, 60, 12
8, 45, 57, 12
8, 45, 56, 18
8, 45, 55, 18
8, 45, 54, 6
8, 45, 64, 18
8, 45, 63, 18
8, 45, 62, 18
8, 45, 52, 9
8, 45, 67, 18
8, 45, 66, 9
9, 11, 0, 1
9, 11, 2, 1
9, 11, 4, 1
9, 11, 6, 1
9, 11, 8, 5
9, 11, 10, 1
9, 11, 1, 1
9, 11, 3, 1
9, 11, 5, 1
9, 11, 7, 1
9, 11, 11, 1
10, 45, 58, 54
10, 45, 36, 36
10, 45, 28, 18
10, 45, 71, 6
10, 45, 70, 6
10, 45, 69, 6
10, 45, 68, 6
10, 45, 23, 12
10, 45, 0, 1
10, 45, 2, 1
10, 45, 4, 1
10, 45, 6, 1
10, 45, 8, 1
10, 45, 43, 12
10, 45, 44, 9
10, 45, 46, 9
10, 45, 49, 9
10, 45, 51, 9
10, 45, 59, 9
10, 45, 65, 9
10, 45, 37, 6
10, 45, 38, 6
10, 45, 39, 6
10, 45, 41, 6
10, 45, 48, 6
10, 45, 53, 12
10, 45, 17, 6
10, 45, 1, 1
10, 45, 3, 1
10, 45, 5, 1
10, 45, 7, 1
10, 45, 9, 1
10, 45, 11, 5
10, 45, 61, 12
10, 45, 60, 12
10, 45, 57, 12
10, 45, 56, 12
10, 45, 55, 18
10, 45, 54, 12
10, 45, 64, 18
10, 45, 63, 18
10, 45, 62, 18
10, 45, 52, 9
10, 45, 67, 18
10, 45, 66, 9
11, 11, 0, 1
11, 11, 2, 1
11, 11, 4, 1
11, 11, 6, 1
11, 11, 8, 1
11, 11, 10, 5
11, 11, 1, 1
11, 11, 3, 1
11, 11, 5, 1
11, 11, 7, 1
11, 11, 9, 1
12, 74, 40, 48
12, 74, 31, 32
12, 74, 24, 16
12, 74, 18, 6
12, 74, 90, 6
12, 74, 89, 6
12, 74, 88, 6
12, 74, 42, 48
12, 74, 32, 32
12, 74, 30, 20
12, 74, 19, 6
12, 74, 87, 6
12, 74, 86, 6
12, 74, 85, 6
12, 74, 84, 6
12, 74, 45, 48
12, 74, 33, 32
12, 74, 25, 16
12, 74, 83, 6
12, 74, 82, 6
12, 74, 20, 6
12, 74, 81, 6
12, 74, 80, 6
12, 74, 47, 48
12, 74, 34, 32
12, 74, 26, 16
12, 74, 79, 6
12, 74, 78, 6
12, 74, 77, 6
12, 74, 21, 6
12, 74, 76, 6
12, 74, 50, 48
12, 74, 35, 32
12, 74, 27, 16
12, 74, 75, 6
12, 74, 74, 6
12, 74, 73, 6
12, 74, 72, 6
12, 74, 22, 6
12, 74, 58, 48
12, 74, 36, 32
12, 74, 28, 16
12, 74, 71, 6
12, 74, 70, 6
12, 74, 69, 6
12, 74, 68, 6
12, 74, 23, 6
12, 74, 43, 72
12, 74, 44, 48
12, 74, 46, 48
12, 74, 49, 48
12, 74, 51, 48
12, 74, 59, 48
12, 74, 65, 48
12, 74, 37, 36
12, 74, 38, 36
12, 74, 39, 36
12, 74, 41, 36
12, 74, 48, 36
12, 74, 53, 36
12, 74, 91, 16
12, 74, 29, 16
12, 74, 61, 72
12, 74, 60, 72
12, 74, 57, 72
12, 74, 56, 72
12, 74, 55, 72
12, 74, 54, 36
12, 74, 64, 96
12, 74, 63, 96
12, 74, 62, 96
12, 74, 52, 48
12, 74, 67, 96
12, 74, 66, 48
13, 74, 40, 48
13, 74, 31, 32
13, 74, 24, 16
13, 74, 18, 6
13, 74, 90, 6
13, 74, 89, 6
13, 74, 88, 6
13, 74, 42, 48
13, 74, 32, 32
13, 74, 30, 20
13, 74, 19, 6
13, 74, 87, 6
13, 74, 86, 6
13, 74, 85, 6
13, 74, 84, 6
13, 74, 45, 48
13, 74, 33, 32
13, 74, 25, 16
13, 74, 83, 6
13, 74, 82, 6
13, 74, 20, 6
13, 74, 81, 6
13, 74, 80, 6
13, 74, 47, 48
13, 74, 34, 32
13, 74, 26, 16
13, 74, 79, 6
13, 74, 78, 6
13, 74, 77, 6
13, 74, 21, 6
13, 74, 76, 6
13, 74, 50, 48
13, 74, 35, 32
13, 74, 27, 16
13, 74, 75, 6
13, 74, 74, 6
13, 74, 73, 6
13, 74, 72, 6
13, 74, 22, 6
13, 74, 58, 48
13, 74, 36, 32
13, 74, 28, 16
13, 74, 71, 6
13, 74, 70, 6
13, 74, 69, 6
13, 74, 68, 6
13, 74, 23, 6
13, 74, 43, 72
13, 74, 44, 48
13, 74, 46, 48
13, 74, 49, 48
13, 74, 51, 48
13, 74, 59, 48
13, 74, 65, 48
13, 74, 37, 36
13, 74, 38, 36
13, 74, 39, 36
13, 74, 41, 36
13, 74, 48, 36
13, 74, 53, 36
13, 74, 91, 16
13, 74, 29, 16
13, 74, 61, 72
13, 74, 60, 72
13, 74, 57, 72
13, 74, 56, 72
13, 74, 55, 72
13, 74, 54, 36
13, 74, 64, 96
13, 74, 63, 96
13, 74, 62, 96
13, 74, 52, 48
13, 74, 67, 96
13, 74, 66, 48
14, 74, 40, 48
14, 74, 31, 32
14, 74, 24, 16
14, 74, 18, 6
14, 74, 90, 6
14, 74, 89, 6
14, 74, 88, 6
14, 74, 42, 48
14, 74, 32, 32
14, 74, 30, 20
14, 74, 19, 6
14, 74, 87, 6
14, 74, 86, 6
14, 74, 85, 6
14, 74, 84, 6
14, 74, 45, 48
14, 74, 33, 32
14, 74, 25, 16
14, 74, 83, 6
14, 74, 82, 6
14, 74, 20, 6
14, 74, 81, 6
14, 74, 80, 6
14, 74, 47, 48
14, 74, 34, 32
14, 74, 26, 16
14, 74, 79, 6
14, 74, 78, 6
14, 74, 77, 6
14, 74, 21, 6
14, 74, 76, 6
14, 74, 50, 48
14, 74, 35, 32
14, 74, 27, 16
14, 74, 75, 6
14, 74, 74, 6
14, 74, 73, 6
14, 74, 72, 6
14, 74, 22, 6
14, 74, 58, 48
14, 74, 36, 32
14, 74, 28, 16
14, 74, 71, 6
14, 74, 70, 6
14, 74, 69, 6
14, 74, 68, 6
14, 74, 23, 6
14, 74, 43, 72
14, 74, 44, 48
14, 74, 46, 48
14, 74, 49, 48
14, 74, 51, 48
14, 74, 59, 48
14, 74, 65, 48
14, 74, 37, 36
14, 74, 38, 36
14, 74, 39, 36
14, 74, 41, 36
14, 74, 48, 36
14, 74, 53, 36
14, 74, 91, 16
14, 74, 29, 16
14, 74, 61, 72
14, 74, 60, 72
14, 74, 57, 72
14, 74, 56, 72
14, 74, 55, 72
14, 74, 54, 36
14, 74, 64, 96
14, 74, 63, 96
14, 74, 62, 96
14, 74, 52, 48
14, 74, 67, 96
14, 74, 66, 48
15, 74, 40, 48
15, 74, 31, 32
15, 74, 24, 16
15, 74, 18, 6
15, 74, 90, 6
15, 74, 89, 6
15, 74, 88, 6
15, 74, 42, 48
15, 74, 32, 32
15, 74, 30, 20
15, 74, 19, 6
15, 74, 87, 6
15, 74, 86, 6
15, 74, 85, 6
15, 74, 84, 6
15, 74, 45, 48
15, 74, 33, 32
15, 74, 25, 16
15, 74, 83, 6
15, 74, 82, 6
15, 74, 20, 6
15, 74, 81, 6
15, 74, 80, 6
15, 74, 47, 48
15, 74, 34, 32
15, 74, 26, 16
15, 74, 79, 6
15, 74, 78, 6
15, 74, 77, 6
15, 74, 21, 6
15, 74, 76, 6
15, 74, 50, 48
15, 74, 35, 32
15, 74, 27, 16
15, 74, 75, 6
15, 74, 74, 6
15, 74, 73, 6
15, 74, 72, 6
15, 74, 22, 6
15, 74, 58, 48
15, 74, 36, 32
15, 74, 28, 16
15, 74, 71, 6
15, 74, 70, 6
15, 74, 69, 6
15, 74, 68, 6
15, 74, 23, 6
15, 74, 43, 72
15, 74, 44, 48
15, 74, 46, 48
15, 74, 49, 48
15, 74, 51, 48
15, 74, 59, 48
15, 74, 65, 48
15, 74, 37, 36
15, 74, 38, 36
15, 74, 39, 36
15, 74, 41, 36
15, 74, 48, 36
15, 74, 53, 36
15, 74, 91, 16
15, 74, 29, 16
15, 74, 61, 72
15, 74, 60, 72
15, 74, 57, 72
15, 74, 56, 72
15, 74, 55, 72
15, 74, 54, 36
15, 74, 64, 96
15, 74, 63, 96
15, 74, 62, 96
15, 74, 52, 48
15, 74, 67, 96
15, 74, 66, 48
16, 74, 40, 48
16, 74, 31, 32
16, 74, 24, 16
16, 74, 18, 6
16, 74, 90, 6
16, 74, 89, 6
16, 74, 88, 6
16, 74, 42, 48
16, 74, 32, 32
16, 74, 30, 20
16, 74, 19, 6
16, 74, 87, 6
16, 74, 86, 6
16, 74, 85, 6
16, 74, 84, 6
16, 74, 45, 48
16, 74, 33, 32
16, 74, 25, 16
16, 74, 83, 6
16, 74, 82, 6
16, 74, 20, 6
16, 74, 81, 6
16, 74, 80, 6
16, 74, 47, 48
16, 74, 34, 32
16, 74, 26, 16
16, 74, 79, 6
16, 74, 78, 6
16, 74, 77, 6
16, 74, 21, 6
16, 74, 76, 6
16, 74, 50, 48
16, 74, 35, 32
16, 74, 27, 16
16, 74, 75, 6
16, 74, 74, 6
16, 74, 73, 6
16, 74, 72, 6
16, 74, 22, 6
16, 74, 58, 48
16, 74, 36, 32
16, 74, 28, 16
16, 74, 71, 6
16, 74, 70, 6
16, 74, 69, 6
16, 74, 68, 6
16, 74, 23, 6
16, 74, 43, 72
16, 74, 44, 48
16, 74, 46, 48
16, 74, 49, 48
16, 74, 51, 48
16, 74, 59, 48
16, 74, 65, 48
16, 74, 37, 36
16, 74, 38, 36
16, 74, 39, 36
16, 74, 41, 36
16, 74, 48, 36
16, 74, 53, 36
16, 74, 91, 16
16, 74, 29, 16
16, 74, 61, 72
16, 74, 60, 72
16, 74, 57, 72
16, 74, 56, 72
16, 74, 55, 72
16, 74, 54, 36
16, 74, 64, 96
16, 74, 63, 96
16, 74, 62, 96
16, 74, 52, 48
16, 74, 67, 96
16, 74, 66, 48
17, 74, 40, 48
17, 74, 31, 32
17, 74, 24, 16
17, 74, 18, 6
17, 74, 90, 6
17, 74, 89, 6
17, 74, 88, 6
17, 74, 42, 48
17, 74, 32, 32
17, 74, 30, 20
17, 74, 19, 6
17, 74, 87, 6
17, 74, 86, 6
17, 74, 85, 6
17, 74, 84, 6
17, 74, 45, 48
17, 74, 33, 32
17, 74, 25, 16
17, 74, 83, 6
17, 74, 82, 6
17, 74, 20, 6
17, 74, 81, 6
17, 74, 80, 6
17, 74, 47, 48
17, 74, 34, 32
17, 74, 26, 16
17, 74, 79, 6
17, 74, 78, 6
17, 74, 77, 6
17, 74, 21, 6
17, 74, 76, 6
17, 74, 50, 48
17, 74, 35, 32
17, 74, 27, 16
17, 74, 75, 6
17, 74, 74, 6
17, 74, 73, 6
17, 74, 72, 6
17, 74, 22, 6
17, 74, 58, 48
17, 74, 36, 32
17, 74, 28, 16
17, 74, 71, 6
17, 74, 70, 6
17, 74, 69, 6
17, 74, 68, 6
17, 74, 23, 6
17, 74, 43, 72
17, 74, 44, 48
17, 74, 46, 48
17, 74, 49, 48
17, 74, 51, 48
17, 74, 59, 48
17, 74, 65, 48
17, 74, 37, 36
17, 74, 38, 36
17, 74, 39, 36
17, 74, 41, 36
17, 74, 48, 36
17, 74, 53, 36
17, 74, 91, 16
17, 74, 29, 16
17, 74, 61, 72
17, 74, 60, 72
17, 74, 57, 72
17, 74, 56, 72
17, 74, 55, 72
17, 74, 54, 36
17, 74, 64, 96
17, 74, 63, 96
17, 74, 62, 96
17, 74, 52, 48
17, 74, 67, 96
17, 74, 66, 48
18, 18, 40, 6
18, 18, 31, 4
18, 18, 24, 2
18, 18, 44, 1
18, 18, 46, 1
18, 18, 49, 1
18, 18, 51, 1
18, 18, 59, 1
18, 18, 65, 1
18, 18, 37, 6
18, 18, 12, 6
18, 18, 61, 6
18, 18, 64, 2
18, 18, 63, 2
18, 18, 62, 2
18, 18, 52, 1
18, 18, 67, 2
18, 18, 66, 1
19, 21, 42, 6
19, 21, 32, 4
19, 21, 30, 2
19, 21, 44, 1
19, 21, 46, 1
19, 21, 49, 1
19, 21, 51, 1
19, 21, 59, 1
19, 21, 65, 1
19, 21, 38, 6
19, 21, 91, 8
19, 21, 13, 6
19, 21, 29, 2
19, 21, 61, 6
19, 21, 60, 6
19, 21, 64, 2
19, 21, 63, 2
19, 21, 62, 2
19, 21, 52, 1
19, 21, 67, 2
19, 21, 66, 1
20, 19, 45, 6
20, 19, 33, 4
20, 19, 25, 2
20, 19, 44, 1
20, 19, 46, 1
20, 19, 49, 1
20, 19, 51, 1
20, 19, 59, 1
20, 19, 65, 1
20, 19, 39, 6
20, 19, 14, 6
20, 19, 60, 6
20, 19, 57, 6
20, 19, 64, 2
20, 19, 63, 2
20, 19, 62, 2
20, 19, 52, 1
20, 19, 67, 2
20, 19, 66, 1
21, 19, 47, 6
21, 19, 34, 4
21, 19, 26, 2
21, 19, 44, 1
21, 19, 46, 1
21, 19, 49, 1
21, 19, 51, 1
21, 19, 59, 1
21, 19, 65, 1
21, 19, 41, 6
21, 19, 15, 6
21, 19, 57, 6
21, 19, 56, 6
21, 19, 64, 2
21, 19, 63, 2
21, 19, 62, 2
21, 19, 52, 1
21, 19, 67, 2
21, 19, 66, 1
22, 19, 50, 6
22, 19, 35, 4
22, 19, 27, 2
22, 19, 44, 1
22, 19, 46, 1
22, 19, 49, 1
22, 19, 51, 1
22, 19, 59, 1
22, 19, 65, 1
22, 19, 48, 6
22, 19, 16, 6
22, 19, 56, 6
22, 19, 55, 6
22, 19, 64, 2
22, 19, 63, 2
22, 19, 62, 2
22, 19, 52, 1
22, 19, 67, 2
22, 19, 66, 1
23, 19, 58, 6
23, 19, 36, 4
23, 19, 28, 2
23, 19, 44, 1
23, 19, 46, 1
23, 19, 49, 1
23, 19, 51, 1
23, 19, 59, 1
23, 19, 65, 1
23, 19, 53, 6
23, 19, 17, 6
23, 19, 55, 6
23, 19, 54, 6
23, 19, 64, 2
23, 19, 63, 2
23, 19, 62, 2
23, 19, 52, 1
23, 19, 67, 2
23, 19, 66, 1
24, 23, 40, 18
24, 23, 18, 4
24, 23, 90, 2
24, 23, 89, 2
24, 23, 88, 2
24, 23, 43, 4
24, 23, 59, 9
24, 23, 65, 9
24, 23, 37, 4
24, 23, 38, 2
24, 23, 39, 2
24, 23, 41, 2
24, 23, 48, 2
24, 23, 53, 2
24, 23, 12, 2
24, 23, 61, 6
24, 23, 60, 4
24, 23, 57, 4
24, 23, 56, 4
24, 23, 55, 4
24, 23, 54, 2
24, 23, 67, 18
24, 23, 66, 9
25, 24, 45, 18
25, 24, 83, 2
25, 24, 82, 2
25, 24, 20, 4
25, 24, 81, 2
25, 24, 80, 2
25, 24, 43, 4
25, 24, 59, 9
25, 24, 65, 9
25, 24, 37, 2
25, 24, 38, 2
25, 24, 39, 4
25, 24, 41, 2
25, 24, 48, 2
25, 24, 53, 2
25, 24, 14, 2
25, 24, 61, 4
25, 24, 60, 6
25, 24, 57, 6
25, 24, 56, 4
25, 24, 55, 4
25, 24, 54, 2
25, 24, 67, 18
25, 24, 66, 9
26, 24, 47, 18
26, 24, 79, 2
26, 24, 78, 2
26, 24, 77, 2
26, 24, 21, 4
26, 24, 76, 2
26, 24, 43, 4
26, 24, 59, 9
26, 24, 65, 9
26, 24, 37, 2
26, 24, 38, 2
26, 24, 39, 2
26, 24, 41, 4
26, 24, 48, 2
26, 24, 53, 2
26, 24, 15, 2
26, 24, 61, 4
26, 24, 60, 4
26, 24, 57, 6
26, 24, 56, 6
26, 24, 55, 4
26, 24, 54, 2
26, 24, 67, 18
26, 24, 66, 9
27, 24, 50, 18
27, 24, 75, 2
27, 24, 74, 2
27, 24, 73, 2
27, 24, 72, 2
27, 24, 22, 4
27, 24, 43, 4
27, 24, 59, 9
27, 24, 65, 9
27, 24, 37, 2
27, 24, 38, 2
27, 24, 39, 2
27, 24, 41, 2
27, 24, 48, 4
27, 24, 53, 2
27, 24, 16, 2
27, 24, 61, 4
27, 24, 60, 4
27, 24, 57, 4
27, 24, 56, 6
27, 24, 55, 6
27, 24, 54, 2
27, 24, 67, 18
27, 24, 66, 9
28, 24, 58, 18
28, 24, 71, 2
28, 24, 70, 2
28, 24, 69, 2
28, 24, 68, 2
28, 24, 23, 4
28, 24, 43, 4
28, 24, 59, 9
28, 24, 65, 9
28, 24, 37, 2
28, 24, 38, 2
28, 24, 39, 2
28, 24, 41, 2
28, 24, 48, 2
28, 24, 53, 4
28, 24, 17, 2
28, 24, 61, 4
28, 24, 60, 4
28, 24, 57, 4
28, 24, 56, 4
28, 24, 55, 6
28, 24, 54, 4
28, 24, 67, 18
28, 24, 66, 9
29, 12, 42, 4
29, 12, 30, 4
29, 12, 19, 2
29, 12, 43, 2
29, 12, 59, 2
29, 12, 65, 2
29, 12, 38, 2
29, 12, 13, 2
29, 12, 61, 2
29, 12, 60, 2
29, 12, 67, 4
29, 12, 66, 2
30, 24, 42, 14
30, 24, 19, 2
30, 24, 87, 2
30, 24, 86, 2
30, 24, 85, 2
30, 24, 84, 2
30, 24, 43, 2
30, 24, 59, 7
30, 24, 65, 7
30, 24, 37, 2
30, 24, 38, 2
30, 24, 39, 2
30, 24, 41, 2
30, 24, 48, 2
30, 24, 53, 2
30, 24, 29, 14
30, 24, 61, 4
30, 24, 60, 4
30, 24, 57, 4
30, 24, 56, 4
30, 24, 55, 4
30, 24, 54, 2
30, 24, 67, 14
30, 24, 66, 7
31, 27, 40, 36
31, 27, 18, 8
31, 27, 90, 4
31, 27, 89, 4
31, 27, 88, 4
31, 27, 43, 8
31, 27, 44, 9
31, 27, 46, 9
31, 27, 49, 9
31, 27, 51, 9
31, 27, 37, 8
31, 27, 38, 4
31, 27, 39, 4
31, 27, 41, 4
31, 27, 48, 4
31, 27, 53, 4
31, 27, 12, 4
31, 27, 61, 12
31, 27, 60, 8
31, 27, 57, 8
31, 27, 56, 8
31, 27, 55, 8
31, 27, 54, 4
31, 27, 64, 18
31, 27, 63, 18
31, 27, 62, 18
31, 27, 52, 9
32, 29, 42, 36
32, 29, 30, 4
32, 29, 19, 8
32, 29, 87, 4
32, 29, 86, 4
32, 29, 85, 4
32, 29, 84, 4
32, 29, 43, 8
32, 29, 44, 9
32, 29, 46, 9
32, 29, 49, 9
32, 29, 51, 9
32, 29, 37, 4
32, 29, 38, 8
32, 29, 39, 4
32, 29, 41, 4
32, 29, 48, 4
32, 29, 53, 4
32, 29, 13, 4
32, 29, 61, 12
32, 29, 60, 12
32, 29, 57, 8
32, 29, 56, 8
32, 29, 55, 8
32, 29, 54, 4
32, 29, 64, 18
32, 29, 63, 18
32, 29, 62, 18
32, 29, 52, 9
33, 28, 45, 36
33, 28, 83, 4
33, 28, 82, 4
33, 28, 20, 8
33, 28, 81, 4
33, 28, 80, 4
33, 28, 43, 8
33, 28, 44, 9
33, 28, 46, 9
33, 28, 49, 9
33, 28, 51, 9
33, 28, 37, 4
33, 28, 38, 4
33, 28, 39, 8
33, 28, 41, 4
33, 28, 48, 4
33, 28, 53, 4
33, 28, 14, 4
33, 28, 61, 8
33, 28, 60, 12
33, 28, 57, 12
33, 28, 56, 8
33, 28, 55, 8
33, 28, 54, 4
33, 28, 64, 18
33, 28, 63, 18
33, 28, 62, 18
33, 28, 52, 9
34, 28, 47, 36
34, 28, 79, 4
34, 28, 78, 4
34, 28, 77, 4
34, 28, 21, 8
34, 28, 76, 4
34, 28, 43, 8
34, 28, 44, 9
34, 28, 46, 9
34, 28, 49, 9
34, 28, 51, 9
34, 28, 37, 4
34, 28, 38, 4
34, 28, 39, 4
34, 28, 41, 8
34, 28, 48, 4
34, 28, 53, 4
34, 28, 15, 4
34, 28, 61, 8
34, 28, 60, 8
34, 28, 57, 12
34, 28, 56, 12
34, 28, 55, 8
34, 28, 54, 4
34, 28, 64, 18
34, 28, 63, 18
34, 28, 62, 18
34, 28, 52, 9
35, 28, 50, 36
35, 28, 75, 4
35, 28, 74, 4
35, 28, 73, 4
35, 28, 72, 4
35, 28, 22, 8
35, 28, 43, 8
35, 28, 44, 9
35, 28, 46, 9
35, 28, 49, 9
35, 28, 51, 9
35, 28, 37, 4
35, 28, 38, 4
35, 28, 39, 4
35, 28, 41, 4
35, 28, 48, 8
35, 28, 53, 4
35, 28, 16, 4
35, 28, 61, 8
35, 28, 60, 8
35, 28, 57, 8
35, 28, 56, 12
35, 28, 55, 12
35, 28, 54, 4
35, 28, 64, 18
35, 28, 63, 18
35, 28, 62, 18
35, 28, 52, 9
36, 28, 58, 36
36, 28, 71, 4
36, 28, 70, 4
36, 28, 69, 4
36, 28, 68, 4
36, 28, 23, 8
36, 28, 43, 8
36, 28, 44, 9
36, 28, 46, 9
36, 28, 49, 9
36, 28, 51, 9
36, 28, 37, 4
36, 28, 38, 4
36, 28, 39, 4
36, 28, 41, 4
36, 28, 48, 4
36, 28, 53, 8
36, 28, 17, 4
36, 28, 61, 8
36, 28, 60, 8
36, 28, 57, 8
36, 28, 56, 8
36, 28, 55, 12
36, 28, 54, 8
36, 28, 64, 18
36, 28, 63, 18
36, 28, 62, 18
36, 28, 52, 9
37, 41, 40, 6
37, 41, 31, 4
37, 41, 24, 2
37, 41, 18, 6
37, 41, 42, 12
37, 41, 32, 8
37, 41, 30, 8
37, 41, 19, 6
37, 41, 45, 6
37, 41, 33, 4
37, 41, 25, 2
37, 41, 83, 6
37, 41, 47, 6
37, 41, 34, 4
37, 41, 26, 2
37, 41, 79, 6
37, 41, 50, 6
37, 41, 35, 4
37, 41, 27, 2
37, 41, 75, 6
37, 41, 58, 6
37, 41, 36, 4
37, 41, 28, 2
37, 41, 71, 6
37, 41, 44, 7
37, 41, 46, 7
37, 41, 49, 7
37, 41, 51, 7
37, 41, 59, 7
37, 41, 65, 7
37, 41, 38, 6
37, 41, 13, 6
37, 41, 29, 4
37, 41, 61, 42
37, 41, 60, 6
37, 41, 64, 14
37, 41, 63, 14
37, 41, 62, 14
37, 41, 52, 7
37, 41, 67, 14
37, 41, 66, 7
38, 43, 40, 6
38, 43, 31, 4
38, 43, 24, 2
38, 43, 90, 6
38, 43, 42, 6
38, 43, 32, 4
38, 43, 30, 2
38, 43, 19, 6
38, 43, 45, 12
38, 43, 33, 8
38, 43, 25, 4
38, 43, 82, 6
38, 43, 20, 6
38, 43, 47, 6
38, 43, 34, 4
38, 43, 26, 2
38, 43, 78, 6
38, 43, 50, 6
38, 43, 35, 4
38, 43, 27, 2
38, 43, 74, 6
38, 43, 58, 6
38, 43, 36, 4
38, 43, 28, 2
38, 43, 70, 6
38, 43, 44, 7
38, 43, 46, 7
38, 43, 49, 7
38, 43, 51, 7
38, 43, 59, 7
38, 43, 65, 7
38, 43, 39, 6
38, 43, 14, 6
38, 43, 29, 2
38, 43, 61, 36
38, 43, 60, 42
38, 43, 57, 6
38, 43, 64, 14
38, 43, 63, 14
38, 43, 62, 14
38, 43, 52, 7
38, 43, 67, 14
38, 43, 66, 7
39, 42, 40, 6
39, 42, 31, 4
39, 42, 24, 2
39, 42, 42, 6
39, 42, 32, 4
39, 42, 30, 2
39, 42, 87, 6
39, 42, 45, 6
39, 42, 33, 4
39, 42, 25, 2
39, 42, 20, 6
39, 42, 47, 12
39, 42, 34, 8
39, 42, 26, 4
39, 42, 77, 6
39, 42, 21, 6
39, 42, 50, 6
39, 42, 35, 4
39, 42, 27, 2
39, 42, 73, 6
39, 42, 58, 6
39, 42, 36, 4
39, 42, 28, 2
39, 42, 69, 6
39, 42, 44, 7
39, 42, 46, 7
39, 42, 49, 7
39, 42, 51, 7
39, 42, 59, 7
39, 42, 65, 7
39, 42, 41, 6
39, 42, 15, 6
39, 42, 29, 2
39, 42, 60, 36
39, 42, 57, 42
39, 42, 56, 6
39, 42, 64, 14
39, 42, 63, 14
39, 42, 62, 14
39, 42, 52, 7
39, 42, 67, 14
39, 42, 66, 7
40, 32, 31, 36
40, 32, 24, 18
40, 32, 18, 12
40, 32, 90, 6
40, 32, 89, 6
40, 32, 88, 6
40, 32, 43, 12
40, 32, 44, 9
40, 32, 46, 9
40, 32, 49, 9
40, 32, 51, 9
40, 32, 59, 9
40, 32, 65, 9
40, 32, 37, 12
40, 32, 38, 6
40, 32, 39, 6
40, 32, 41, 6
40, 32, 48, 6
40, 32, 53, 6
40, 32, 12, 6
40, 32, 61, 18
40, 32, 60, 12
40, 32, 57, 12
40, 32, 56, 12
40, 32, 55, 12
40, 32, 54, 6
40, 32, 64, 18
40, 32, 63, 18
40, 32, 62, 18
40, 32, 52, 9
40, 32, 67, 18
40, 32, 66, 9
41, 42, 40, 6
41, 42, 31, 4
41, 42, 24, 2
41, 42, 42, 6
41, 42, 32, 4
41, 42, 30, 2
41, 42, 86, 6
41, 42, 45, 6
41, 42, 33, 4
41, 42, 25, 2
41, 42, 81, 6
41, 42, 47, 6
41, 42, 34, 4
41, 42, 26, 2
41, 42, 21, 6
41, 42, 50, 12
41, 42, 35, 8
41, 42, 27, 4
41, 42, 72, 6
41, 42, 22, 6
41, 42, 58, 6
41, 42, 36, 4
41, 42, 28, 2
41, 42, 68, 6
41, 42, 44, 7
41, 42, 46, 7
41, 42, 49, 7
41, 42, 51, 7
41, 42, 59, 7
41, 42, 65, 7
41, 42, 48, 6
41, 42, 16, 6
41, 42, 29, 2
41, 42, 57, 36
41, 42, 56, 42
41, 42, 55, 6
41, 42, 64, 14
41, 42, 63, 14
41, 42, 62, 14
41, 42, 52, 7
41, 42, 67, 14
41, 42, 66, 7
42, 34, 32, 36
42, 34, 30, 22
42, 34, 19, 12
42, 34, 87, 6
42, 34, 86, 6
42, 34, 85, 6
42, 34, 84, 6
42, 34, 43, 12
42, 34, 44, 9
42, 34, 46, 9
42, 34, 49, 9
42, 34, 51, 9
42, 34, 59, 9
42, 34, 65, 9
42, 34, 37, 6
42, 34, 38, 12
42, 34, 39, 6
42, 34, 41, 6
42, 34, 48, 6
42, 34, 53, 6
42, 34, 13, 6
42, 34, 29, 18
42, 34, 61, 18
42, 34, 60, 18
42, 34, 57, 12
42, 34, 56, 12
42, 34, 55, 12
42, 34, 54, 6
42, 34, 64, 18
42, 34, 63, 18
42, 34, 62, 18
42, 34, 52, 9
42, 34, 67, 18
42, 34, 66, 9
43, 78, 40, 48
43, 78, 31, 32
43, 78, 24, 16
43, 78, 18, 12
43, 78, 90, 6
43, 78, 89, 6
43, 78, 88, 6
43, 78, 42, 48
43, 78, 32, 32
43, 78, 30, 20
43, 78, 19, 12
43, 78, 87, 6
43, 78, 86, 6
43, 78, 85, 6
43, 78, 84, 6
43, 78, 45, 48
43, 78, 33, 32
43, 78, 25, 16
43, 78, 83, 6
43, 78, 82, 6
43, 78, 20, 12
43, 78, 81, 6
43, 78, 80, 6
43, 78, 47, 48
43, 78, 34, 32
43, 78, 26, 16
43, 78, 79, 6
43, 78, 78, 6
43, 78, 77, 6
43, 78, 21, 12
43, 78, 76, 6
43, 78, 50, 48
43, 78, 35, 32
43, 78, 27, 16
43, 78, 75, 6
43, 78, 74, 6
43, 78, 73, 6
43, 78, 72, 6
43, 78, 22, 12
43, 78, 58, 48
43, 78, 36, 32
43, 78, 28, 16
43, 78, 71, 6
43, 78, 70, 6
43, 78, 69, 6
43, 78, 68, 6
43, 78, 23, 12
43, 78, 44, 48
43, 78, 46, 48
43, 78, 49, 48
43, 78, 51, 48
43, 78, 59, 48
43, 78, 65, 48
43, 78, 37, 42
43, 78, 38, 42
43, 78, 39, 42
43, 78, 41, 42
43, 78, 48, 42
43, 78, 53, 42
43, 78, 12, 6
43, 78, 13, 6
43, 78, 14, 6
43, 78, 15, 6
43, 78, 16, 6
43, 78, 17, 6
43, 78, 29, 16
43, 78, 61, 84
43, 78, 60, 84
43, 78, 57, 84
43, 78, 56, 84
43, 78, 55, 84
43, 78, 54, 42
43, 78, 64, 96
43, 78, 63, 96
43, 78, 62, 96
43, 78, 52, 48
43, 78, 67, 96
43, 78, 66, 48
44, 64, 40, 9
44, 64, 31, 9
44, 64, 18, 2
44, 64, 90, 1
44, 64, 89, 1
44, 64, 88, 1
44, 64, 42, 9
44, 64, 32, 9
44, 64, 30, 1
44, 64, 19, 2
44, 64, 87, 1
44, 64, 86, 1
44, 64, 85, 1
44, 64, 84, 1
44, 64, 45, 9
44, 64, 33, 9
44, 64, 83, 1
44, 64, 82, 1
44, 64, 20, 2
44, 64, 81, 1
44, 64, 80, 1
44, 64, 47, 9
44, 64, 34, 9
44, 64, 79, 1
44, 64, 78, 1
44, 64, 77, 1
44, 64, 21, 2
44, 64, 76, 1
44, 64, 50, 9
44, 64, 35, 9
44, 64, 75, 1
44, 64, 74, 1
44, 64, 73, 1
44, 64, 72, 1
44, 64, 22, 2
44, 64, 58, 9
44, 64, 36, 9
44, 64, 71, 1
44, 64, 70, 1
44, 64, 69, 1
44, 64, 68, 1
44, 64, 23, 2
44, 64, 43, 12
44, 64, 46, 42
44, 64, 37, 7
44, 64, 38, 7
44, 64, 39, 7
44, 64, 41, 7
44, 64, 48, 7
44, 64, 53, 7
44, 64, 12, 1
44, 64, 13, 1
44, 64, 14, 1
44, 64, 15, 1
44, 64, 16, 1
44, 64, 17, 1
44, 64, 61, 14
44, 64, 60, 14
44, 64, 57, 14
44, 64, 56, 14
44, 64, 55, 14
44, 64, 54, 7
44, 64, 64, 54
44, 64, 63, 42
45, 34, 33, 36
45, 34, 25, 18
45, 34, 83, 6
45, 34, 82, 6
45, 34, 20, 12
45, 34, 81, 6
45, 34, 80, 6
45, 34, 43, 12
45, 34, 44, 9
45, 34, 46, 9
45, 34, 49, 9
45, 34, 51, 9
45, 34, 59, 9
45, 34, 65, 9
45, 34, 37, 6
45, 34, 38, 6
45, 34, 39, 12
45, 34, 41, 6
45, 34, 48, 6
45, 34, 53, 6
45, 34, 91, 16
45, 34, 14, 6
45, 34, 61, 12
45, 34, 60, 18
45, 34, 57, 18
45, 34, 56, 12
45, 34, 55, 12
45, 34, 54, 6
45, 34, 64, 18
45, 34, 63, 18
45, 34, 62, 18
45, 34, 52, 9
45, 34, 67, 18
45, 34, 66, 9
46, 65, 40, 9
46, 65, 31, 9
46, 65, 18, 2
46, 65, 90, 1
46, 65, 89, 1
46, 65, 88, 1
46, 65, 42, 9
46, 65, 32, 9
46, 65, 30, 1
46, 65, 19, 2
46, 65, 87, 1
46, 65, 86, 1
46, 65, 85, 1
46, 65, 84, 1
46, 65, 45, 9
46, 65, 33, 9
46, 65, 83, 1
46, 65, 82, 1
46, 65, 20, 2
46, 65, 81, 1
46, 65, 80, 1
46, 65, 47, 9
46, 65, 34, 9
46, 65, 79, 1
46, 65, 78, 1
46, 65, 77, 1
46, 65, 21, 2
46, 65, 76, 1
46, 65, 50, 9
46, 65, 35, 9
46, 65, 75, 1
46, 65, 74, 1
46, 65, 73, 1
46, 65, 72, 1
46, 65, 22, 2
46, 65, 58, 9
46, 65, 36, 9
46, 65, 71, 1
46, 65, 70, 1
46, 65, 69, 1
46, 65, 68, 1
46, 65, 23, 2
46, 65, 43, 12
46, 65, 49, 42
46, 65, 37, 7
46, 65, 38, 7
46, 65, 39, 7
46, 65, 41, 7
46, 65, 48, 7
46, 65, 53, 7
46, 65, 12, 1
46, 65, 13, 1
46, 65, 14, 1
46, 65, 15, 1
46, 65, 16, 1
46, 65, 17, 1
46, 65, 61, 14
46, 65, 60, 14
46, 65, 57, 14
46, 65, 56, 14
46, 65, 55, 14
46, 65, 54, 7
46, 65, 64, 12
46, 65, 63, 54
46, 65, 62, 42
47, 33, 34, 36
47, 33, 26, 18
47, 33, 79, 6
47, 33, 78, 6
47, 33, 77, 6
47, 33, 21, 12
47, 33, 76, 6
47, 33, 43, 12
47, 33, 44, 9
47, 33, 46, 9
47, 33, 49, 9
47, 33, 51, 9
47, 33, 59, 9
47, 33, 65, 9
47, 33, 37, 6
47, 33, 38, 6
47, 33, 39, 6
47, 33, 41, 12
47, 33, 48, 6
47, 33, 53, 6
47, 33, 15, 6
47, 33, 61, 12
47, 33, 60, 12
47, 33, 57, 18
47, 33, 56, 18
47, 33, 55, 12
47, 33, 54, 6
47, 33, 64, 18
47, 33, 63, 18
47, 33, 62, 18
47, 33, 52, 9
47, 33, 67, 18
47, 33, 66, 9
48, 42, 40, 6
48, 42, 31, 4
48, 42, 24, 2
48, 42, 89, 6
48, 42, 42, 6
48, 42, 32, 4
48, 42, 30, 2
48, 42, 85, 6
48, 42, 45, 6
48, 42, 33, 4
48, 42, 25, 2
48, 42, 80, 6
48, 42, 47, 6
48, 42, 34, 4
48, 42, 26, 2
48, 42, 76, 6
48, 42, 50, 6
48, 42, 35, 4
48, 42, 27, 2
48, 42, 22, 6
48, 42, 58, 12
48, 42, 36, 8
48, 42, 28, 4
48, 42, 23, 6
48, 42, 44, 7
48, 42, 46, 7
48, 42, 49, 7
48, 42, 51, 7
48, 42, 59, 7
48, 42, 65, 7
48, 42, 53, 6
48, 42, 17, 6
48, 42, 29, 2
48, 42, 56, 36
48, 42, 55, 42
48, 42, 54, 6
48, 42, 64, 14
48, 42, 63, 14
48, 42, 62, 14
48, 42, 52, 7
48, 42, 67, 14
48, 42, 66, 7
49, 65, 40, 9
49, 65, 31, 9
49, 65, 18, 2
49, 65, 90, 1
49, 65, 89, 1
49, 65, 88, 1
49, 65, 42, 9
49, 65, 32, 9
49, 65, 30, 1
49, 65, 19, 2
49, 65, 87, 1
49, 65, 86, 1
49, 65, 85, 1
49, 65, 84, 1
49, 65, 45, 9
49, 65, 33, 9
49, 65, 83, 1
49, 65, 82, 1
49, 65, 20, 2
49, 65, 81, 1
49, 65, 80, 1
49, 65, 47, 9
49, 65, 34, 9
49, 65, 79, 1
49, 65, 78, 1
49, 65, 77, 1
49, 65, 21, 2
49, 65, 76, 1
49, 65, 50, 9
49, 65, 35, 9
49, 65, 75, 1
49, 65, 74, 1
49, 65, 73, 1
49, 65, 72, 1
49, 65, 22, 2
49, 65, 58, 9
49, 65, 36, 9
49, 65, 71, 1
49, 65, 70, 1
49, 65, 69, 1
49, 65, 68, 1
49, 65, 23, 2
49, 65, 43, 12
49, 65, 51, 42
49, 65, 37, 7
49, 65, 38, 7
49, 65, 39, 7
49, 65, 41, 7
49, 65, 48, 7
49, 65, 53, 7
49, 65, 12, 1
49, 65, 13, 1
49, 65, 14, 1
49, 65, 15, 1
49, 65, 16, 1
49, 65, 17, 1
49, 65, 61, 14
49, 65, 60, 14
49, 65, 57, 14
49, 65, 56, 14
49, 65, 55, 14
49, 65, 54, 7
49, 65, 63, 12
49, 65, 62, 54
49, 65, 52, 42
50, 33, 35, 36
50, 33, 27, 18
50, 33, 75, 6
50, 33, 74, 6
50, 33, 73, 6
50, 33, 72, 6
50, 33, 22, 12
50, 33, 43, 12
50, 33, 44, 9
50, 33, 46, 9
50, 33, 49, 9
50, 33, 51, 9
50, 33, 59, 9
50, 33, 65, 9
50, 33, 37, 6
50, 33, 38, 6
50, 33, 39, 6
50, 33, 41, 6
50, 33, 48, 12
50, 33, 53, 6
50, 33, 16, 6
50, 33, 61, 12
50, 33, 60, 12
50, 33, 57, 12
50, 33, 56, 18
50, 33, 55, 18
50, 33, 54, 6
50, 33, 64, 18
50, 33, 63, 18
50, 33, 62, 18
50, 33, 52, 9
50, 33, 67, 18
50, 33, 66, 9
51, 39, 40, 2
51, 39, 31, 2
51, 39, 18, 1
51, 39, 42, 2
51, 39, 32, 2
51, 39, 19, 1
51, 39, 45, 2
51, 39, 33, 2
51, 39, 20, 1
51, 39, 47, 2
51, 39, 34, 2
51, 39, 21, 1
51, 39, 50, 2
51, 39, 35, 2
51, 39, 22, 1
51, 39, 58, 2
51, 39, 36, 2
51, 39, 23, 1
51, 39, 43, 6
51, 39, 37, 1
51, 39, 38, 1
51, 39, 39, 1
51, 39, 41, 1
51, 39, 48, 1
51, 39, 53, 1
51, 39, 12, 1
51, 39, 13, 1
51, 39, 14, 1
51, 39, 15, 1
51, 39, 16, 1
51, 39, 17, 1
51, 39, 61, 2
51, 39, 60, 2
51, 39, 57, 2
51, 39, 56, 2
51, 39, 55, 2
51, 39, 54, 1
51, 39, 62, 12
51, 39, 52, 12
52, 39, 40, 2
52, 39, 31, 2
52, 39, 18, 1
52, 39, 42, 2
52, 39, 32, 2
52, 39, 19, 1
52, 39, 45, 2
52, 39, 33, 2
52, 39, 20, 1
52, 39, 47, 2
52, 39, 34, 2
52, 39, 21, 1
52, 39, 50, 2
52, 39, 35, 2
52, 39, 22, 1
52, 39, 58, 2
52, 39, 36, 2
52, 39, 23, 1
52, 39, 43, 6
52, 39, 51, 12
52, 39, 37, 1
52, 39, 38, 1
52, 39, 39, 1
52, 39, 41, 1
52, 39, 48, 1
52, 39, 53, 1
52, 39, 12, 1
52, 39, 13, 1
52, 39, 14, 1
52, 39, 15, 1
52, 39, 16, 1
52, 39, 17, 1
52, 39, 61, 2
52, 39, 60, 2
52, 39, 57, 2
52, 39, 56, 2
52, 39, 55, 2
52, 39, 54, 1
52, 39, 62, 12
53, 36, 40, 6
53, 36, 31, 4
53, 36, 24, 2
53, 36, 88, 6
53, 36, 42, 6
53, 36, 32, 4
53, 36, 30, 2
53, 36, 84, 6
53, 36, 45, 6
53, 36, 33, 4
53, 36, 25, 2
53, 36, 47, 6
53, 36, 34, 4
53, 36, 26, 2
53, 36, 50, 6
53, 36, 35, 4
53, 36, 27, 2
53, 36, 58, 6
53, 36, 36, 4
53, 36, 28, 2
53, 36, 23, 6
53, 36, 44, 6
53, 36, 46, 6
53, 36, 49, 6
53, 36, 51, 6
53, 36, 59, 6
53, 36, 65, 6
53, 36, 29, 2
53, 36, 55, 36
53, 36, 54, 36
53, 36, 64, 12
53, 36, 63, 12
53, 36, 62, 12
53, 36, 52, 6
53, 36, 67, 12
53, 36, 66, 6
54, 36, 40, 6
54, 36, 31, 4
54, 36, 24, 2
54, 36, 88, 6
54, 36, 42, 6
54, 36, 32, 4
54, 36, 30, 2
54, 36, 84, 6
54, 36, 45, 6
54, 36, 33, 4
54, 36, 25, 2
54, 36, 47, 6
54, 36, 34, 4
54, 36, 26, 2
54, 36, 50, 6
54, 36, 35, 4
54, 36, 27, 2
54, 36, 58, 6
54, 36, 36, 4
54, 36, 28, 2
54, 36, 23, 6
54, 36, 44, 6
54, 36, 46, 6
54, 36, 49, 6
54, 36, 51, 6
54, 36, 59, 6
54, 36, 65, 6
54, 36, 53, 36
54, 36, 29, 2
54, 36, 55, 36
54, 36, 64, 12
54, 36, 63, 12
54, 36, 62, 12
54, 36, 52, 6
54, 36, 67, 12
54, 36, 66, 6
55, 38, 40, 6
55, 38, 31, 4
55, 38, 24, 2
55, 38, 89, 6
55, 38, 42, 6
55, 38, 32, 4
55, 38, 30, 2
55, 38, 85, 6
55, 38, 45, 6
55, 38, 33, 4
55, 38, 25, 2
55, 38, 80, 6
55, 38, 47, 6
55, 38, 34, 4
55, 38, 26, 2
55, 38, 76, 6
55, 38, 50, 6
55, 38, 35, 4
55, 38, 27, 2
55, 38, 22, 6
55, 38, 58, 6
55, 38, 36, 4
55, 38, 28, 2
55, 38, 44, 6
55, 38, 46, 6
55, 38, 49, 6
55, 38, 51, 6
55, 38, 59, 6
55, 38, 65, 6
55, 38, 48, 36
55, 38, 29, 2
55, 38, 56, 36
55, 38, 64, 12
55, 38, 63, 12
55, 38, 62, 12
55, 38, 52, 6
55, 38, 67, 12
55, 38, 66, 6
56, 38, 40, 6
56, 38, 31, 4
56, 38, 24, 2
56, 38, 42, 6
56, 38, 32, 4
56, 38, 30, 2
56, 38, 86, 6
56, 38, 45, 6
56, 38, 33, 4
56, 38, 25, 2
56, 38, 81, 6
56, 38, 47, 6
56, 38, 34, 4
56, 38, 26, 2
56, 38, 21, 6
56, 38, 50, 6
56, 38, 35, 4
56, 38, 27, 2
56, 38, 72, 6
56, 38, 58, 6
56, 38, 36, 4
56, 38, 28, 2
56, 38, 68, 6
56, 38, 44, 6
56, 38, 46, 6
56, 38, 49, 6
56, 38, 51, 6
56, 38, 59, 6
56, 38, 65, 6
56, 38, 41, 36
56, 38, 29, 2
56, 38, 57, 36
56, 38, 64, 12
56, 38, 63, 12
56, 38, 62, 12
56, 38, 52, 6
56, 38, 67, 12
56, 38, 66, 6
57, 38, 40, 6
57, 38, 31, 4
57, 38, 24, 2
57, 38, 42, 6
57, 38, 32, 4
57, 38, 30, 2
57, 38, 87, 6
57, 38, 45, 6
57, 38, 33, 4
57, 38, 25, 2
57, 38, 20, 6
57, 38, 47, 6
57, 38, 34, 4
57, 38, 26, 2
57, 38, 77, 6
57, 38, 50, 6
57, 38, 35, 4
57, 38, 27, 2
57, 38, 73, 6
57, 38, 58, 6
57, 38, 36, 4
57, 38, 28, 2
57, 38, 69, 6
57, 38, 44, 6
57, 38, 46, 6
57, 38, 49, 6
57, 38, 51, 6
57, 38, 59, 6
57, 38, 65, 6
57, 38, 39, 36
57, 38, 29, 2
57, 38, 60, 36
57, 38, 64, 12
57, 38, 63, 12
57, 38, 62, 12
57, 38, 52, 6
57, 38, 67, 12
57, 38, 66, 6
58, 33, 36, 36
58, 33, 28, 18
58, 33, 71, 6
58, 33, 70, 6
58, 33, 69, 6
58, 33, 68, 6
58, 33, 23, 12
58, 33, 43, 12
58, 33, 44, 9
58, 33, 46, 9
58, 33, 49, 9
58, 33, 51, 9
58, 33, 59, 9
58, 33, 65, 9
58, 33, 37, 6
58, 33, 38, 6
58, 33, 39, 6
58, 33, 41, 6
58, 33, 48, 6
58, 33, 53, 12
58, 33, 17, 6
58, 33, 61, 12
58, 33, 60, 12
58, 33, 57, 12
58, 33, 56, 12
58, 33, 55, 18
58, 33, 54, 12
58, 33, 64, 18
58, 33, 63, 18
58, 33, 62, 18
58, 33, 52, 9
58, 33, 67, 18
58, 33, 66, 9
59, 64, 40, 9
59, 64, 24, 9
59, 64, 18, 2
59, 64, 90, 1
59, 64, 89, 1
59, 64, 88, 1
59, 64, 42, 9
59, 64, 30, 9
59, 64, 19, 2
59, 64, 87, 1
59, 64, 86, 1
59, 64, 85, 1
59, 64, 84, 1
59, 64, 45, 9
59, 64, 25, 9
59, 64, 83, 1
59, 64, 82, 1
59, 64, 20, 2
59, 64, 81, 1
59, 64, 80, 1
59, 64, 47, 9
59, 64, 26, 9
59, 64, 79, 1
59, 64, 78, 1
59, 64, 77, 1
59, 64, 21, 2
59, 64, 76, 1
59, 64, 50, 9
59, 64, 27, 9
59, 64, 75, 1
59, 64, 74, 1
59, 64, 73, 1
59, 64, 72, 1
59, 64, 22, 2
59, 64, 58, 9
59, 64, 28, 9
59, 64, 71, 1
59, 64, 70, 1
59, 64, 69, 1
59, 64, 68, 1
59, 64, 23, 2
59, 64, 43, 12
59, 64, 65, 42
59, 64, 37, 7
59, 64, 38, 7
59, 64, 39, 7
59, 64, 41, 7
59, 64, 48, 7
59, 64, 53, 7
59, 64, 12, 1
59, 64, 13, 1
59, 64, 14, 1
59, 64, 15, 1
59, 64, 16, 1
59, 64, 17, 1
59, 64, 29, 9
59, 64, 61, 14
59, 64, 60, 14
59, 64, 57, 14
59, 64, 56, 14
59, 64, 55, 14
59, 64, 54, 7
59, 64, 67, 54
59, 64, 66, 42
60, 39, 40, 6
60, 39, 31, 4
60, 39, 24, 2
60, 39, 90, 6
60, 39, 42, 6
60, 39, 32, 4
60, 39, 30, 2
60, 39, 19, 6
60, 39, 45, 6
60, 39, 33, 4
60, 39, 25, 2
60, 39, 82, 6
60, 39, 47, 6
60, 39, 34, 4
60, 39, 26, 2
60, 39, 78, 6
60, 39, 50, 6
60, 39, 35, 4
60, 39, 27, 2
60, 39, 74, 6
60, 39, 58, 6
60, 39, 36, 4
60, 39, 28, 2
60, 39, 70, 6
60, 39, 44, 6
60, 39, 46, 6
60, 39, 49, 6
60, 39, 51, 6
60, 39, 59, 6
60, 39, 65, 6
60, 39, 38, 36
60, 39, 29, 2
60, 39, 61, 36
60, 39, 64, 12
60, 39, 63, 12
60, 39, 62, 12
60, 39, 52, 6
60, 39, 67, 12
60, 39, 66, 6
61, 37, 40, 6
61, 37, 31, 4
61, 37, 24, 2
61, 37, 18, 6
61, 37, 42, 6
61, 37, 32, 4
61, 37, 30, 6
61, 37, 45, 6
61, 37, 33, 4
61, 37, 25, 2
61, 37, 83, 6
61, 37, 47, 6
61, 37, 34, 4
61, 37, 26, 2
61, 37, 79, 6
61, 37, 50, 6
61, 37, 35, 4
61, 37, 27, 2
61, 37, 75, 6
61, 37, 58, 6
61, 37, 36, 4
61, 37, 28, 2
61, 37, 71, 6
61, 37, 44, 6
61, 37, 46, 6
61, 37, 49, 6
61, 37, 51, 6
61, 37, 59, 6
61, 37, 65, 6
61, 37, 37, 36
61, 37, 29, 2
61, 37, 64, 12
61, 37, 63, 12
61, 37, 62, 12
61, 37, 52, 6
61, 37, 67, 12
61, 37, 66, 6
62, 39, 40, 2
62, 39, 31, 2
62, 39, 18, 1
62, 39, 42, 2
62, 39, 32, 2
62, 39, 19, 1
62, 39, 45, 2
62, 39, 33, 2
62, 39, 20, 1
62, 39, 47, 2
62, 39, 34, 2
62, 39, 21, 1
62, 39, 50, 2
62, 39, 35, 2
62, 39, 22, 1
62, 39, 58, 2
62, 39, 36, 2
62, 39, 23, 1
62, 39, 43, 6
62, 39, 49, 12
62, 39, 37, 1
62, 39, 38, 1
62, 39, 39, 1
62, 39, 41, 1
62, 39, 48, 1
62, 39, 53, 1
62, 39, 12, 1
62, 39, 13, 1
62, 39, 14, 1
62, 39, 15, 1
62, 39, 16, 1
62, 39, 17, 1
62, 39, 61, 2
62, 39, 60, 2
62, 39, 57, 2
62, 39, 56, 2
62, 39, 55, 2
62, 39, 54, 1
62, 39, 63, 12
63, 39, 40, 2
63, 39, 31, 2
63, 39, 18, 1
63, 39, 42, 2
63, 39, 32, 2
63, 39, 19, 1
63, 39, 45, 2
63, 39, 33, 2
63, 39, 20, 1
63, 39, 47, 2
63, 39, 34, 2
63, 39, 21, 1
63, 39, 50, 2
63, 39, 35, 2
63, 39, 22, 1
63, 39, 58, 2
63, 39, 36, 2
63, 39, 23, 1
63, 39, 43, 6
63, 39, 46, 12
63, 39, 37, 1
63, 39, 38, 1
63, 39, 39, 1
63, 39, 41, 1
63, 39, 48, 1
63, 39, 53, 1
63, 39, 12, 1
63, 39, 13, 1
63, 39, 14, 1
63, 39, 15, 1
63, 39, 16, 1
63, 39, 17, 1
63, 39, 61, 2
63, 39, 60, 2
63, 39, 57, 2
63, 39, 56, 2
63, 39, 55, 2
63, 39, 54, 1
63, 39, 64, 12
64, 38, 40, 2
64, 38, 31, 2
64, 38, 18, 1
64, 38, 42, 2
64, 38, 32, 2
64, 38, 19, 1
64, 38, 45, 2
64, 38, 33, 2
64, 38, 20, 1
64, 38, 47, 2
64, 38, 34, 2
64, 38, 21, 1
64, 38, 50, 2
64, 38, 35, 2
64, 38, 22, 1
64, 38, 58, 2
64, 38, 36, 2
64, 38, 23, 1
64, 38, 43, 6
64, 38, 44, 12
64, 38, 37, 1
64, 38, 38, 1
64, 38, 39, 1
64, 38, 41, 1
64, 38, 48, 1
64, 38, 53, 1
64, 38, 12, 1
64, 38, 13, 1
64, 38, 14, 1
64, 38, 15, 1
64, 38, 16, 1
64, 38, 17, 1
64, 38, 61, 2
64, 38, 60, 2
64, 38, 57, 2
64, 38, 56, 2
64, 38, 55, 2
64, 38, 54, 1
65, 40, 40, 2
65, 40, 24, 2
65, 40, 18, 1
65, 40, 42, 2
65, 40, 30, 2
65, 40, 19, 1
65, 40, 45, 2
65, 40, 25, 2
65, 40, 20, 1
65, 40, 47, 2
65, 40, 26, 2
65, 40, 21, 1
65, 40, 50, 2
65, 40, 27, 2
65, 40, 22, 1
65, 40, 58, 2
65, 40, 28, 2
65, 40, 23, 1
65, 40, 43, 6
65, 40, 37, 1
65, 40, 38, 1
65, 40, 39, 1
65, 40, 41, 1
65, 40, 48, 1
65, 40, 53, 1
65, 40, 12, 1
65, 40, 13, 1
65, 40, 14, 1
65, 40, 15, 1
65, 40, 16, 1
65, 40, 17, 1
65, 40, 29, 2
65, 40, 61, 2
65, 40, 60, 2
65, 40, 57, 2
65, 40, 56, 2
65, 40, 55, 2
65, 40, 54, 1
65, 40, 67, 12
65, 40, 66, 12
66, 40, 40, 2
66, 40, 24, 2
66, 40, 18, 1
66, 40, 42, 2
66, 40, 30, 2
66, 40, 19, 1
66, 40, 45, 2
66, 40, 25, 2
66, 40, 20, 1
66, 40, 47, 2
66, 40, 26, 2
66, 40, 21, 1
66, 40, 50, 2
66, 40, 27, 2
66, 40, 22, 1
66, 40, 58, 2
66, 40, 28, 2
66, 40, 23, 1
66, 40, 43, 6
66, 40, 65, 12
66, 40, 37, 1
66, 40, 38, 1
66, 40, 39, 1
66, 40, 41, 1
66, 40, 48, 1
66, 40, 53, 1
66, 40, 12, 1
66, 40, 13, 1
66, 40, 14, 1
66, 40, 15, 1
66, 40, 16, 1
66, 40, 17, 1
66, 40, 29, 2
66, 40, 61, 2
66, 40, 60, 2
66, 40, 57, 2
66, 40, 56, 2
66, 40, 55, 2
66, 40, 54, 1
66, 40, 67, 12
67, 39, 40, 2
67, 39, 24, 2
67, 39, 18, 1
67, 39, 42, 2
67, 39, 30, 2
67, 39, 19, 1
67, 39, 45, 2
67, 39, 25, 2
67, 39, 20, 1
67, 39, 47, 2
67, 39, 26, 2
67, 39, 21, 1
67, 39, 50, 2
67, 39, 27, 2
67, 39, 22, 1
67, 39, 58, 2
67, 39, 28, 2
67, 39, 23, 1
67, 39, 43, 6
67, 39, 59, 12
67, 39, 37, 1
67, 39, 38, 1
67, 39, 39, 1
67, 39, 41, 1
67, 39, 48, 1
67, 39, 53, 1
67, 39, 12, 1
67, 39, 13, 1
67, 39, 14, 1
67, 39, 15, 1
67, 39, 16, 1
67, 39, 17, 1
67, 39, 29, 2
67, 39, 61, 2
67, 39, 60, 2
67, 39, 57, 2
67, 39, 56, 2
67, 39, 55, 2
67, 39, 54, 1
68, 1, 91, 8
71, 1, 91, 8
72, 1, 91, 8
75, 1, 91, 8
77, 1, 91, 16
85, 1, 91, 8
89, 1, 91, 8
90, 1, 91, 8
DTG
0, 5, 0, 1, 2
0, 5, 0, 1, 2
0, 5, 0, 1, 2
0, 5, 0, 1, 2
0, 5, 0, 1, 2
0, 5, 1, 0, 3
0, 5, 1, 0, 3
0, 5, 1, 0, 3
0, 5, 1, 0, 3
0, 5, 1, 0, 3
1, 5, 0, 1, 2
1, 5, 0, 1, 2
1, 5, 0, 1, 2
1, 5, 0, 1, 2
1, 5, 0, 1, 2
1, 5, 1, 0, 3
1, 5, 1, 0, 3
1, 5, 1, 0, 3
1, 5, 1, 0, 3
1, 5, 1, 0, 3
2, 5, 0, 1, 2
2, 5, 0, 1, 2
2, 5, 0, 1, 2
2, 5, 0, 1, 2
2, 5, 0, 1, 2
2, 5, 1, 0, 3
2, 5, 1, 0, 3
2, 5, 1, 0, 3
2, 5, 1, 0, 3
2, 5, 1, 0, 3
3, 5, 0, 1, 2
3, 5, 0, 1, 2
3, 5, 0, 1, 2
3, 5, 0, 1, 2
3, 5, 0, 1, 2
3, 5, 1, 0, 3
3, 5, 1, 0, 3
3, 5, 1, 0, 3
3, 5, 1, 0, 3
3, 5, 1, 0, 3
4, 5, 0, 1, 2
4, 5, 0, 1, 2
4, 5, 0, 1, 2
4, 5, 0, 1, 2
4, 5, 0, 1, 2
4, 5, 1, 0, 3
4, 5, 1, 0, 3
4, 5, 1, 0, 3
4, 5, 1, 0, 3
4, 5, 1, 0, 3
5, 5, 0, 1, 2
5, 5, 0, 1, 2
5, 5, 0, 1, 2
5, 5, 0, 1, 2
5, 5, 0, 1, 2
5, 5, 1, 0, 3
5, 5, 1, 0, 3
5, 5, 1, 0, 3
5, 5, 1, 0, 3
5, 5, 1, 0, 3
6, 5, 0, 1, 2
6, 5, 0, 1, 2
6, 5, 0, 1, 2
6, 5, 0, 1, 2
6, 5, 0, 1, 2
6, 5, 1, 0, 3
6, 5, 1, 0, 3
6, 5, 1, 0, 3
6, 5, 1, 0, 3
6, 5, 1, 0, 3
7, 5, 0, 1, 2
7, 5, 0, 1, 2
7, 5, 0, 1, 2
7, 5, 0, 1, 2
7, 5, 0, 1, 2
7, 5, 1, 0, 3
7, 5, 1, 0, 3
7, 5, 1, 0, 3
7, 5, 1, 0, 3
7, 5, 1, 0, 3
8, 5, 0, 1, 2
8, 5, 0, 1, 2
8, 5, 0, 1, 2
8, 5, 0, 1, 2
8, 5, 0, 1, 2
8, 5, 1, 0, 3
8, 5, 1, 0, 3
8, 5, 1, 0, 3
8, 5, 1, 0, 3
8, 5, 1, 0, 3
9, 5, 0, 1, 2
9, 5, 0, 1, 2
9, 5, 0, 1, 2
9, 5, 0, 1, 2
9, 5, 0, 1, 2
9, 5, 1, 0, 3
9, 5, 1, 0, 3
9, 5, 1, 0, 3
9, 5, 1, 0, 3
9, 5, 1, 0, 3
10, 5, 0, 1, 2
10, 5, 0, 1, 2
10, 5, 0, 1, 2
10, 5, 0, 1, 2
10, 5, 0, 1, 2
10, 5, 1, 0, 3
10, 5, 1, 0, 3
10, 5, 1, 0, 3
10, 5, 1, 0, 3
10, 5, 1, 0, 3
11, 5, 0, 1, 2
11, 5, 0, 1, 2
11, 5, 0, 1, 2
11, 5, 0, 1, 2
11, 5, 0, 1, 2
11, 5, 1, 0, 3
11, 5, 1, 0, 3
11, 5, 1, 0, 3
11, 5, 1, 0, 3
11, 5, 1, 0, 3
12, 6, 1, 0, 8
12, 6, 1, 0, 8
12, 6, 1, 0, 8
12, 6, 1, 0, 8
12, 6, 1, 0, 8
12, 6, 1, 0, 8
13, 6, 1, 0, 9
13, 6, 1, 0, 9
13, 6, 1, 0, 9
13, 6, 1, 0, 9
13, 6, 1, 0, 9
13, 6, 1, 0, 9
14, 6, 1, 0, 9
14, 6, 1, 0, 9
14, 6, 1, 0, 9
14, 6, 1, 0, 9
14, 6, 1, 0, 9
14, 6, 1, 0, 9
15, 6, 1, 0, 9
15, 6, 1, 0, 9
15, 6, 1, 0, 9
15, 6, 1, 0, 9
15, 6, 1, 0, 9
15, 6, 1, 0, 9
16, 6, 1, 0, 9
16, 6, 1, 0, 9
16, 6, 1, 0, 9
16, 6, 1, 0, 9
16, 6, 1, 0, 9
16, 6, 1, 0, 9
17, 6, 1, 0, 9
17, 6, 1, 0, 9
17, 6, 1, 0, 9
17, 6, 1, 0, 9
17, 6, 1, 0, 9
17, 6, 1, 0, 9
18, 6, 0, 1, 7
18, 6, 0, 1, 7
18, 6, 0, 1, 7
18, 6, 0, 1, 7
18, 6, 0, 1, 7
18, 6, 0, 1, 7
18, 6, 1, 0, 13
18, 6, 1, 0, 13
18, 6, 1, 0, 14
18, 6, 1, 0, 14
18, 6, 1, 0, 14
18, 6, 1, 0, 14
19, 6, 0, 1, 8
19, 6, 0, 1, 8
19, 6, 0, 1, 8
19, 6, 0, 1, 8
19, 6, 0, 1, 8
19, 6, 0, 1, 8
19, 6, 1, 0, 13
19, 6, 1, 0, 13
19, 6, 1, 0, 14
19, 6, 1, 0, 14
19, 6, 1, 0, 14
19, 6, 1, 0, 14
20, 6, 0, 1, 8
20, 6, 0, 1, 8
20, 6, 0, 1, 8
20, 6, 0, 1, 8
20, 6, 0, 1, 8
20, 6, 0, 1, 8
20, 6, 1, 0, 13
20, 6, 1, 0, 13
20, 6, 1, 0, 14
20, 6, 1, 0, 14
20, 6, 1, 0, 14
20, 6, 1, 0, 14
21, 6, 0, 1, 8
21, 6, 0, 1, 8
21, 6, 0, 1, 8
21, 6, 0, 1, 8
21, 6, 0, 1, 8
21, 6, 0, 1, 8
21, 6, 1, 0, 13
21, 6, 1, 0, 13
21, 6, 1, 0, 14
21, 6, 1, 0, 14
21, 6, 1, 0, 14
21, 6, 1, 0, 14
22, 6, 0, 1, 8
22, 6, 0, 1, 8
22, 6, 0, 1, 8
22, 6, 0, 1, 8
22, 6, 0, 1, 8
22, 6, 0, 1, 8
22, 6, 1, 0, 13
22, 6, 1, 0, 13
22, 6, 1, 0, 14
22, 6, 1, 0, 14
22, 6, 1, 0, 14
22, 6, 1, 0, 14
23, 6, 0, 1, 8
23, 6, 0, 1, 8
23, 6, 0, 1, 8
23, 6, 0, 1, 8
23, 6, 0, 1, 8
23, 6, 0, 1, 8
23, 6, 1, 0, 13
23, 6, 1, 0, 13
23, 6, 1, 0, 14
23, 6, 1, 0, 14
23, 6, 1, 0, 14
23, 6, 1, 0, 14
24, 1, 0, 2, 10
24, 1, 1, 2, 11
24, 4, 2, 0, 7
24, 4, 2, 0, 11
24, 4, 2, 1, 7
24, 4, 2, 1, 11
25, 1, 0, 2, 10
25, 1, 1, 2, 11
25, 4, 2, 0, 8
25, 4, 2, 0, 11
25, 4, 2, 1, 8
25, 4, 2, 1, 11
26, 1, 0, 2, 10
26, 1, 1, 2, 11
26, 4, 2, 0, 8
26, 4, 2, 0, 11
26, 4, 2, 1, 8
26, 4, 2, 1, 11
27, 1, 0, 2, 10
27, 1, 1, 2, 11
27, 4, 2, 0, 8
27, 4, 2, 0, 11
27, 4, 2, 1, 8
27, 4, 2, 1, 11
28, 1, 0, 2, 10
28, 1, 1, 2, 11
28, 4, 2, 0, 8
28, 4, 2, 0, 11
28, 4, 2, 1, 8
28, 4, 2, 1, 11
29, 4, 0, 1, 8
29, 4, 0, 1, 8
29, 4, 0, 1, 11
29, 4, 0, 1, 11
29, 2, 1, 0, 11
29, 2, 1, 0, 12
30, 4, 0, 1, 9
30, 4, 0, 1, 9
30, 4, 0, 1, 12
30, 4, 0, 1, 12
30, 8, 1, 0, 12
30, 8, 1, 0, 13
30, 8, 1, 0, 13
30, 8, 1, 0, 14
30, 8, 1, 0, 14
30, 8, 1, 0, 14
30, 8, 1, 2, 10
30, 8, 1, 2, 11
30, 8, 2, 0, 13
30, 8, 2, 0, 14
30, 8, 2, 0, 14
30, 8, 2, 0, 14
30, 8, 2, 1, 9
30, 8, 2, 1, 9
30, 8, 2, 1, 12
30, 8, 2, 1, 12
31, 1, 0, 4, 10
31, 1, 1, 4, 11
31, 1, 2, 4, 11
31, 1, 3, 4, 11
31, 8, 4, 0, 7
31, 8, 4, 0, 11
31, 8, 4, 1, 7
31, 8, 4, 1, 11
31, 8, 4, 2, 7
31, 8, 4, 2, 11
31, 8, 4, 3, 7
31, 8, 4, 3, 11
32, 1, 0, 4, 10
32, 1, 1, 4, 11
32, 1, 2, 4, 11
32, 1, 3, 4, 11
32, 8, 4, 0, 8
32, 8, 4, 0, 11
32, 8, 4, 1, 8
32, 8, 4, 1, 11
32, 8, 4, 2, 8
32, 8, 4, 2, 11
32, 8, 4, 3, 8
32, 8, 4, 3, 11
33, 1, 0, 4, 10
33, 1, 1, 4, 11
33, 1, 2, 4, 11
33, 1, 3, 4, 11
33, 8, 4, 0, 8
33, 8, 4, 0, 11
33, 8, 4, 1, 8
33, 8, 4, 1, 11
33, 8, 4, 2, 8
33, 8, 4, 2, 11
33, 8, 4, 3, 8
33, 8, 4, 3, 11
34, 1, 0, 4, 10
34, 1, 1, 4, 11
34, 1, 2, 4, 11
34, 1, 3, 4, 11
34, 8, 4, 0, 8
34, 8, 4, 0, 11
34, 8, 4, 1, 8
34, 8, 4, 1, 11
34, 8, 4, 2, 8
34, 8, 4, 2, 11
34, 8, 4, 3, 8
34, 8, 4, 3, 11
35, 1, 0, 4, 10
35, 1, 1, 4, 11
35, 1, 2, 4, 11
35, 1, 3, 4, 11
35, 8, 4, 0, 8
35, 8, 4, 0, 11
35, 8, 4, 1, 8
35, 8, 4, 1, 11
35, 8, 4, 2, 8
35, 8, 4, 2, 11
35, 8, 4, 3, 8
35, 8, 4, 3, 11
36, 1, 0, 4, 10
36, 1, 1, 4, 11
36, 1, 2, 4, 11
36, 1, 3, 4, 11
36, 8, 4, 0, 8
36, 8, 4, 0, 11
36, 8, 4, 1, 8
36, 8, 4, 1, 11
36, 8, 4, 2, 8
36, 8, 4, 2, 11
36, 8, 4, 3, 8
36, 8, 4, 3, 11
37, 36, 0, 1, 12
37, 36, 0, 1, 12
37, 36, 0, 1, 12
37, 36, 0, 1, 12
37, 36, 0, 1, 12
37, 36, 0, 1, 12
37, 36, 0, 1, 12
37, 36, 0, 1, 12
37, 36, 0, 1, 12
37, 36, 0, 1, 12
37, 36, 0, 1, 12
37, 36, 0, 1, 12
37, 36, 0, 1, 13
37, 36, 0, 1, 13
37, 36, 0, 1, 13
37, 36, 0, 1, 13
37, 36, 0, 1, 13
37, 36, 0, 1, 13
37, 36, 0, 1, 13
37, 36, 0, 1, 13
37, 36, 0, 1, 13
37, 36, 0, 1, 13
37, 36, 0, 1, 13
37, 36, 0, 1, 13
37, 36, 0, 1, 13
37, 36, 0, 1, 13
37, 36, 0, 1, 13
37, 36, 0, 1, 13
37, 36, 0, 1, 13
37, 36, 0, 1, 13
37, 36, 0, 1, 13
37, 36, 0, 1, 13
37, 36, 0, 1, 13
37, 36, 0, 1, 13
37, 36, 0, 1, 13
37, 36, 0, 1, 13
37, 6, 1, 0, 8
37, 6, 1, 0, 8
37, 6, 1, 0, 8
37, 6, 1, 0, 8
37, 6, 1, 0, 8
37, 6, 1, 0, 8
38, 36, 0, 1, 12
38, 36, 0, 1, 12
38, 36, 0, 1, 12
38, 36, 0, 1, 12
38, 36, 0, 1, 12
38, 36, 0, 1, 12
38, 36, 0, 1, 12
38, 36, 0, 1, 12
38, 36, 0, 1, 12
38, 36, 0, 1, 12
38, 36, 0, 1, 12
38, 36, 0, 1, 12
38, 36, 0, 1, 13
38, 36, 0, 1, 13
38, 36, 0, 1, 13
38, 36, 0, 1, 13
38, 36, 0, 1, 13
38, 36, 0, 1, 13
38, 36, 0, 1, 13
38, 36, 0, 1, 13
38, 36, 0, 1, 13
38, 36, 0, 1, 13
38, 36, 0, 1, 13
38, 36, 0, 1, 13
38, 36, 0, 1, 13
38, 36, 0, 1, 13
38, 36, 0, 1, 13
38, 36, 0, 1, 13
38, 36, 0, 1, 13
38, 36, 0, 1, 13
38, 36, 0, 1, 13
38, 36, 0, 1, 13
38, 36, 0, 1, 13
38, 36, 0, 1, 13
38, 36, 0, 1, 13
38, 36, 0, 1, 13
38, 6, 1, 0, 9
38, 6, 1, 0, 9
38, 6, 1, 0, 9
38, 6, 1, 0, 9
38, 6, 1, 0, 9
38, 6, 1, 0, 9
39, 36, 0, 1, 12
39, 36, 0, 1, 12
39, 36, 0, 1, 12
39, 36, 0, 1, 12
39, 36, 0, 1, 12
39, 36, 0, 1, 12
39, 36, 0, 1, 12
39, 36, 0, 1, 12
39, 36, 0, 1, 12
39, 36, 0, 1, 12
39, 36, 0, 1, 12
39, 36, 0, 1, 12
39, 36, 0, 1, 13
39, 36, 0, 1, 13
39, 36, 0, 1, 13
39, 36, 0, 1, 13
39, 36, 0, 1, 13
39, 36, 0, 1, 13
39, 36, 0, 1, 13
39, 36, 0, 1, 13
39, 36, 0, 1, 13
39, 36, 0, 1, 13
39, 36, 0, 1, 13
39, 36, 0, 1, 13
39, 36, 0, 1, 13
39, 36, 0, 1, 13
39, 36, 0, 1, 13
39, 36, 0, 1, 13
39, 36, 0, 1, 13
39, 36, 0, 1, 13
39, 36, 0, 1, 13
39, 36, 0, 1, 13
39, 36, 0, 1, 13
39, 36, 0, 1, 13
39, 36, 0, 1, 13
39, 36, 0, 1, 13
39, 6, 1, 0, 9
39, 6, 1, 0, 9
39, 6, 1, 0, 9
39, 6, 1, 0, 9
39, 6, 1, 0, 9
39, 6, 1, 0, 9
40, 6, 0, 4, 11
40, 6, 0, 4, 11
40, 6, 0, 4, 11
40, 6, 0, 4, 11
40, 6, 0, 5, 11
40, 6, 0, 5, 11
40, 6, 3, 4, 7
40, 6, 3, 4, 7
40, 6, 3, 4, 7
40, 6, 3, 4, 7
40, 6, 3, 5, 7
40, 6, 3, 5, 7
40, 28, 4, 0, 10
40, 28, 4, 0, 11
40, 28, 4, 0, 11
40, 28, 4, 0, 11
40, 28, 4, 1, 12
40, 28, 4, 1, 13
40, 28, 4, 1, 13
40, 28, 4, 1, 13
40, 28, 4, 2, 12
40, 28, 4, 2, 13
40, 28, 4, 2, 13
40, 28, 4, 2, 13
40, 28, 4, 6, 12
40, 28, 4, 6, 12
40, 28, 4, 6, 12
40, 28, 4, 6, 12
40, 28, 4, 6, 13
40, 28, 4, 6, 13
40, 28, 4, 6, 13
40, 28, 4, 6, 13
40, 28, 4, 6, 13
40, 28, 4, 6, 13
40, 28, 4, 6, 13
40, 28, 4, 6, 13
40, 28, 4, 6, 13
40, 28, 4, 6, 13
40, 28, 4, 6, 13
40, 28, 4, 6, 13
40, 14, 5, 0, 10
40, 14, 5, 0, 11
40, 14, 5, 1, 12
40, 14, 5, 1, 13
40, 14, 5, 2, 12
40, 14, 5, 2, 13
40, 14, 5, 6, 12
40, 14, 5, 6, 12
40, 14, 5, 6, 12
40, 14, 5, 6, 12
40, 14, 5, 6, 13
40, 14, 5, 6, 13
40, 14, 5, 6, 13
40, 14, 5, 6, 13
41, 36, 0, 1, 12
41, 36, 0, 1, 12
41, 36, 0, 1, 12
41, 36, 0, 1, 12
41, 36, 0, 1, 12
41, 36, 0, 1, 12
41, 36, 0, 1, 12
41, 36, 0, 1, 12
41, 36, 0, 1, 12
41, 36, 0, 1, 12
41, 36, 0, 1, 12
41, 36, 0, 1, 12
41, 36, 0, 1, 13
41, 36, 0, 1, 13
41, 36, 0, 1, 13
41, 36, 0, 1, 13
41, 36, 0, 1, 13
41, 36, 0, 1, 13
41, 36, 0, 1, 13
41, 36, 0, 1, 13
41, 36, 0, 1, 13
41, 36, 0, 1, 13
41, 36, 0, 1, 13
41, 36, 0, 1, 13
41, 36, 0, 1, 13
41, 36, 0, 1, 13
41, 36, 0, 1, 13
41, 36, 0, 1, 13
41, 36, 0, 1, 13
41, 36, 0, 1, 13
41, 36, 0, 1, 13
41, 36, 0, 1, 13
41, 36, 0, 1, 13
41, 36, 0, 1, 13
41, 36, 0, 1, 13
41, 36, 0, 1, 13
41, 6, 1, 0, 9
41, 6, 1, 0, 9
41, 6, 1, 0, 9
41, 6, 1, 0, 9
41, 6, 1, 0, 9
41, 6, 1, 0, 9
42, 6, 0, 1, 11
42, 6, 0, 2, 11
42, 6, 0, 4, 11
42, 6, 0, 4, 11
42, 6, 0, 4, 11
42, 6, 0, 4, 11
42, 7, 1, 0, 10
42, 7, 1, 5, 12
42, 7, 1, 5, 12
42, 7, 1, 5, 12
42, 7, 1, 5, 12
42, 7, 1, 5, 12
42, 7, 1, 5, 12
42, 7, 2, 0, 11
42, 7, 2, 5, 13
42, 7, 2, 5, 13
42, 7, 2, 5, 13
42, 7, 2, 5, 13
42, 7, 2, 5, 13
42, 7, 2, 5, 13
42, 6, 3, 1, 8
42, 6, 3, 2, 8
42, 6, 3, 4, 8
42, 6, 3, 4, 8
42, 6, 3, 4, 8
42, 6, 3, 4, 8
42, 28, 4, 0, 10
42, 28, 4, 0, 11
42, 28, 4, 0, 11
42, 28, 4, 0, 11
42, 28, 4, 5, 12
42, 28, 4, 5, 12
42, 28, 4, 5, 12
42, 28, 4, 5, 12
42, 28, 4, 5, 12
42, 28, 4, 5, 12
42, 28, 4, 5, 13
42, 28, 4, 5, 13
42, 28, 4, 5, 13
42, 28, 4, 5, 13
42, 28, 4, 5, 13
42, 28, 4, 5, 13
42, 28, 4, 5, 13
42, 28, 4, 5, 13
42, 28, 4, 5, 13
42, 28, 4, 5, 13
42, 28, 4, 5, 13
42, 28, 4, 5, 13
42, 28, 4, 5, 13
42, 28, 4, 5, 13
42, 28, 4, 5, 13
42, 28, 4, 5, 13
42, 28, 4, 5, 13
42, 28, 4, 5, 13
43, 36, 0, 1, 10
43, 36, 0, 1, 10
43, 36, 0, 1, 10
43, 36, 0, 1, 10
43, 36, 0, 1, 10
43, 36, 0, 1, 10
43, 36, 0, 1, 10
43, 36, 0, 1, 10
43, 36, 0, 1, 10
43, 36, 0, 1, 10
43, 36, 0, 1, 10
43, 36, 0, 1, 10
43, 36, 0, 1, 11
43, 36, 0, 1, 11
43, 36, 0, 1, 11
43, 36, 0, 1, 11
43, 36, 0, 1, 11
43, 36, 0, 1, 11
43, 36, 0, 1, 11
43, 36, 0, 1, 11
43, 36, 0, 1, 11
43, 36, 0, 1, 11
43, 36, 0, 1, 11
43, 36, 0, 1, 11
43, 36, 0, 1, 11
43, 36, 0, 1, 11
43, 36, 0, 1, 11
43, 36, 0, 1, 11
43, 36, 0, 1, 11
43, 36, 0, 1, 11
43, 36, 0, 1, 11
43, 36, 0, 1, 11
43, 36, 0, 1, 11
43, 36, 0, 1, 11
43, 36, 0, 1, 11
43, 36, 0, 1, 11
43, 36, 1, 0, 12
43, 36, 1, 0, 12
43, 36, 1, 0, 12
43, 36, 1, 0, 12
43, 36, 1, 0, 12
43, 36, 1, 0, 12
43, 36, 1, 0, 12
43, 36, 1, 0, 12
43, 36, 1, 0, 12
43, 36, 1, 0, 12
43, 36, 1, 0, 12
43, 36, 1, 0, 12
43, 36, 1, 0, 12
43, 36, 1, 0, 12
43, 36, 1, 0, 12
43, 36, 1, 0, 12
43, 36, 1, 0, 12
43, 36, 1, 0, 12
43, 36, 1, 0, 12
43, 36, 1, 0, 12
43, 36, 1, 0, 12
43, 36, 1, 0, 12
43, 36, 1, 0, 12
43, 36, 1, 0, 12
43, 36, 1, 0, 12
43, 36, 1, 0, 12
43, 36, 1, 0, 12
43, 36, 1, 0, 12
43, 36, 1, 0, 12
43, 36, 1, 0, 12
43, 36, 1, 0, 12
43, 36, 1, 0, 12
43, 36, 1, 0, 12
43, 36, 1, 0, 12
43, 36, 1, 0, 12
43, 36, 1, 0, 12
44, 12, 0, 1, 7
44, 12, 0, 1, 8
44, 12, 0, 1, 8
44, 12, 0, 1, 8
44, 12, 0, 1, 8
44, 12, 0, 1, 8
44, 12, 0, 1, 11
44, 12, 0, 1, 11
44, 12, 0, 1, 11
44, 12, 0, 1, 11
44, 12, 0, 1, 11
44, 12, 0, 1, 11
44, 6, 1, 0, 11
44, 6, 1, 0, 11
44, 6, 1, 0, 11
44, 6, 1, 0, 11
44, 6, 1, 0, 11
44, 6, 1, 0, 11
45, 6, 0, 3, 11
45, 6, 0, 3, 11
45, 6, 0, 3, 11
45, 6, 0, 3, 11
45, 6, 0, 4, 11
45, 6, 0, 4, 11
45, 6, 2, 3, 8
45, 6, 2, 3, 8
45, 6, 2, 3, 8
45, 6, 2, 3, 8
45, 6, 2, 4, 8
45, 6, 2, 4, 8
45, 28, 3, 0, 10
45, 28, 3, 0, 11
45, 28, 3, 0, 11
45, 28, 3, 0, 11
45, 28, 3, 1, 12
45, 28, 3, 1, 13
45, 28, 3, 1, 13
45, 28, 3, 1, 13
45, 28, 3, 5, 12
45, 28, 3, 5, 12
45, 28, 3, 5, 12
45, 28, 3, 5, 12
45, 28, 3, 5, 12
45, 28, 3, 5, 13
45, 28, 3, 5, 13
45, 28, 3, 5, 13
45, 28, 3, 5, 13
45, 28, 3, 5, 13
45, 28, 3, 5, 13
45, 28, 3, 5, 13
45, 28, 3, 5, 13
45, 28, 3, 5, 13
45, 28, 3, 5, 13
45, 28, 3, 5, 13
45, 28, 3, 5, 13
45, 28, 3, 5, 13
45, 28, 3, 5, 13
45, 28, 3, 5, 13
45, 14, 4, 0, 10
45, 14, 4, 0, 11
45, 14, 4, 1, 12
45, 14, 4, 1, 13
45, 14, 4, 5, 12
45, 14, 4, 5, 12
45, 14, 4, 5, 12
45, 14, 4, 5, 12
45, 14, 4, 5, 12
45, 14, 4, 5, 13
45, 14, 4, 5, 13
45, 14, 4, 5, 13
45, 14, 4, 5, 13
45, 14, 4, 5, 13
46, 12, 0, 1, 7
46, 12, 0, 1, 8
46, 12, 0, 1, 8
46, 12, 0, 1, 8
46, 12, 0, 1, 8
46, 12, 0, 1, 8
46, 12, 0, 1, 11
46, 12, 0, 1, 11
46, 12, 0, 1, 11
46, 12, 0, 1, 11
46, 12, 0, 1, 11
46, 12, 0, 1, 11
46, 6, 1, 0, 12
46, 6, 1, 0, 12
46, 6, 1, 0, 12
46, 6, 1, 0, 12
46, 6, 1, 0, 12
46, 6, 1, 0, 12
47, 6, 0, 3, 11
47, 6, 0, 3, 11
47, 6, 0, 3, 11
47, 6, 0, 3, 11
47, 6, 0, 4, 11
47, 6, 0, 4, 11
47, 6, 2, 3, 8
47, 6, 2, 3, 8
47, 6, 2, 3, 8
47, 6, 2, 3, 8
47, 6, 2, 4, 8
47, 6, 2, 4, 8
47, 28, 3, 0, 10
47, 28, 3, 0, 11
47, 28, 3, 0, 11
47, 28, 3, 0, 11
47, 28, 3, 1, 12
47, 28, 3, 1, 13
47, 28, 3, 1, 13
47, 28, 3, 1, 13
47, 28, 3, 5, 12
47, 28, 3, 5, 12
47, 28, 3, 5, 12
47, 28, 3, 5, 12
47, 28, 3, 5, 12
47, 28, 3, 5, 13
47, 28, 3, 5, 13
47, 28, 3, 5, 13
47, 28, 3, 5, 13
47, 28, 3, 5, 13
47, 28, 3, 5, 13
47, 28, 3, 5, 13
47, 28, 3, 5, 13
47, 28, 3, 5, 13
47, 28, 3, 5, 13
47, 28, 3, 5, 13
47, 28, 3, 5, 13
47, 28, 3, 5, 13
47, 28, 3, 5, 13
47, 28, 3, 5, 13
47, 14, 4, 0, 10
47, 14, 4, 0, 11
47, 14, 4, 1, 12
47, 14, 4, 1, 13
47, 14, 4, 5, 12
47, 14, 4, 5, 12
47, 14, 4, 5, 12
47, 14, 4, 5, 12
47, 14, 4, 5, 12
47, 14, 4, 5, 13
47, 14, 4, 5, 13
47, 14, 4, 5, 13
47, 14, 4, 5, 13
47, 14, 4, 5, 13
48, 36, 0, 1, 12
48, 36, 0, 1, 12
48, 36, 0, 1, 12
48, 36, 0, 1, 12
48, 36, 0, 1, 12
48, 36, 0, 1, 12
48, 36, 0, 1, 12
48, 36, 0, 1, 12
48, 36, 0, 1, 12
48, 36, 0, 1, 12
48, 36, 0, 1, 12
48, 36, 0, 1, 12
48, 36, 0, 1, 13
48, 36, 0, 1, 13
48, 36, 0, 1, 13
48, 36, 0, 1, 13
48, 36, 0, 1, 13
48, 36, 0, 1, 13
48, 36, 0, 1, 13
48, 36, 0, 1, 13
48, 36, 0, 1, 13
48, 36, 0, 1, 13
48, 36, 0, 1, 13
48, 36, 0, 1, 13
48, 36, 0, 1, 13
48, 36, 0, 1, 13
48, 36, 0, 1, 13
48, 36, 0, 1, 13
48, 36, 0, 1, 13
48, 36, 0, 1, 13
48, 36, 0, 1, 13
48, 36, 0, 1, 13
48, 36, 0, 1, 13
48, 36, 0, 1, 13
48, 36, 0, 1, 13
48, 36, 0, 1, 13
48, 6, 1, 0, 9
48, 6, 1, 0, 9
48, 6, 1, 0, 9
48, 6, 1, 0, 9
48, 6, 1, 0, 9
48, 6, 1, 0, 9
49, 12, 0, 1, 7
49, 12, 0, 1, 8
49, 12, 0, 1, 8
49, 12, 0, 1, 8
49, 12, 0, 1, 8
49, 12, 0, 1, 8
49, 12, 0, 1, 11
49, 12, 0, 1, 11
49, 12, 0, 1, 11
49, 12, 0, 1, 11
49, 12, 0, 1, 11
49, 12, 0, 1, 11
49, 6, 1, 0, 12
49, 6, 1, 0, 12
49, 6, 1, 0, 12
49, 6, 1, 0, 12
49, 6, 1, 0, 12
49, 6, 1, 0, 12
50, 6, 0, 3, 11
50, 6, 0, 3, 11
50, 6, 0, 3, 11
50, 6, 0, 3, 11
50, 6, 0, 4, 11
50, 6, 0, 4, 11
50, 6, 2, 3, 8
50, 6, 2, 3, 8
50, 6, 2, 3, 8
50, 6, 2, 3, 8
50, 6, 2, 4, 8
50, 6, 2, 4, 8
50, 28, 3, 0, 10
50, 28, 3, 0, 11
50, 28, 3, 0, 11
50, 28, 3, 0, 11
50, 28, 3, 1, 12
50, 28, 3, 1, 13
50, 28, 3, 1, 13
50, 28, 3, 1, 13
50, 28, 3, 5, 12
50, 28, 3, 5, 12
50, 28, 3, 5, 12
50, 28, 3, 5, 12
50, 28, 3, 5, 12
50, 28, 3, 5, 13
50, 28, 3, 5, 13
50, 28, 3, 5, 13
50, 28, 3, 5, 13
50, 28, 3, 5, 13
50, 28, 3, 5, 13
50, 28, 3, 5, 13
50, 28, 3, 5, 13
50, 28, 3, 5, 13
50, 28, 3, 5, 13
50, 28, 3, 5, 13
50, 28, 3, 5, 13
50, 28, 3, 5, 13
50, 28, 3, 5, 13
50, 28, 3, 5, 13
50, 14, 4, 0, 10
50, 14, 4, 0, 11
50, 14, 4, 1, 12
50, 14, 4, 1, 13
50, 14, 4, 5, 12
50, 14, 4, 5, 12
50, 14, 4, 5, 12
50, 14, 4, 5, 12
50, 14, 4, 5, 12
50, 14, 4, 5, 13
50, 14, 4, 5, 13
50, 14, 4, 5, 13
50, 14, 4, 5, 13
50, 14, 4, 5, 13
51, 12, 0, 1, 7
51, 12, 0, 1, 8
51, 12, 0, 1, 8
51, 12, 0, 1, 8
51, 12, 0, 1, 8
51, 12, 0, 1, 8
51, 12, 0, 1, 11
51, 12, 0, 1, 11
51, 12, 0, 1, 11
51, 12, 0, 1, 11
51, 12, 0, 1, 11
51, 12, 0, 1, 11
51, 6, 1, 0, 12
51, 6, 1, 0, 12
51, 6, 1, 0, 12
51, 6, 1, 0, 12
51, 6, 1, 0, 12
51, 6, 1, 0, 12
52, 12, 0, 1, 7
52, 12, 0, 1, 8
52, 12, 0, 1, 8
52, 12, 0, 1, 8
52, 12, 0, 1, 8
52, 12, 0, 1, 8
52, 12, 0, 1, 11
52, 12, 0, 1, 11
52, 12, 0, 1, 11
52, 12, 0, 1, 11
52, 12, 0, 1, 11
52, 12, 0, 1, 11
52, 6, 1, 0, 12
52, 6, 1, 0, 12
52, 6, 1, 0, 12
52, 6, 1, 0, 12
52, 6, 1, 0, 12
52, 6, 1, 0, 12
53, 36, 0, 1, 12
53, 36, 0, 1, 12
53, 36, 0, 1, 12
53, 36, 0, 1, 12
53, 36, 0, 1, 12
53, 36, 0, 1, 12
53, 36, 0, 1, 12
53, 36, 0, 1, 12
53, 36, 0, 1, 12
53, 36, 0, 1, 12
53, 36, 0, 1, 12
53, 36, 0, 1, 12
53, 36, 0, 1, 13
53, 36, 0, 1, 13
53, 36, 0, 1, 13
53, 36, 0, 1, 13
53, 36, 0, 1, 13
53, 36, 0, 1, 13
53, 36, 0, 1, 13
53, 36, 0, 1, 13
53, 36, 0, 1, 13
53, 36, 0, 1, 13
53, 36, 0, 1, 13
53, 36, 0, 1, 13
53, 36, 0, 1, 13
53, 36, 0, 1, 13
53, 36, 0, 1, 13
53, 36, 0, 1, 13
53, 36, 0, 1, 13
53, 36, 0, 1, 13
53, 36, 0, 1, 13
53, 36, 0, 1, 13
53, 36, 0, 1, 13
53, 36, 0, 1, 13
53, 36, 0, 1, 13
53, 36, 0, 1, 13
53, 6, 1, 0, 9
53, 6, 1, 0, 9
53, 6, 1, 0, 9
53, 6, 1, 0, 9
53, 6, 1, 0, 9
53, 6, 1, 0, 9
54, 36, 0, 1, 12
54, 36, 0, 1, 12
54, 36, 0, 1, 12
54, 36, 0, 1, 12
54, 36, 0, 1, 12
54, 36, 0, 1, 12
54, 36, 0, 1, 12
54, 36, 0, 1, 12
54, 36, 0, 1, 12
54, 36, 0, 1, 12
54, 36, 0, 1, 12
54, 36, 0, 1, 12
54, 36, 0, 1, 13
54, 36, 0, 1, 13
54, 36, 0, 1, 13
54, 36, 0, 1, 13
54, 36, 0, 1, 13
54, 36, 0, 1, 13
54, 36, 0, 1, 13
54, 36, 0, 1, 13
54, 36, 0, 1, 13
54, 36, 0, 1, 13
54, 36, 0, 1, 13
54, 36, 0, 1, 13
54, 36, 0, 1, 13
54, 36, 0, 1, 13
54, 36, 0, 1, 13
54, 36, 0, 1, 13
54, 36, 0, 1, 13
54, 36, 0, 1, 13
54, 36, 0, 1, 13
54, 36, 0, 1, 13
54, 36, 0, 1, 13
54, 36, 0, 1, 13
54, 36, 0, 1, 13
54, 36, 0, 1, 13
54, 6, 1, 0, 9
54, 6, 1, 0, 9
54, 6, 1, 0, 9
54, 6, 1, 0, 9
54, 6, 1, 0, 9
54, 6, 1, 0, 9
55, 42, 0, 1, 9
55, 42, 0, 1, 9
55, 42, 0, 1, 9
55, 42, 0, 1, 9
55, 42, 0, 1, 9
55, 42, 0, 1, 9
55, 42, 0, 1, 12
55, 42, 0, 1, 12
55, 42, 0, 1, 12
55, 42, 0, 1, 12
55, 42, 0, 1, 12
55, 42, 0, 1, 12
55, 42, 0, 1, 12
55, 42, 0, 1, 12
55, 42, 0, 1, 12
55, 42, 0, 1, 12
55, 42, 0, 1, 12
55, 42, 0, 1, 12
55, 42, 0, 1, 13
55, 42, 0, 1, 13
55, 42, 0, 1, 13
55, 42, 0, 1, 13
55, 42, 0, 1, 13
55, 42, 0, 1, 13
55, 42, 0, 1, 13
55, 42, 0, 1, 13
55, 42, 0, 1, 13
55, 42, 0, 1, 13
55, 42, 0, 1, 13
55, 42, 0, 1, 13
55, 42, 0, 1, 13
55, 42, 0, 1, 13
55, 42, 0, 1, 13
55, 42, 0, 1, 13
55, 42, 0, 1, 13
55, 42, 0, 1, 13
55, 42, 0, 1, 13
55, 42, 0, 1, 13
55, 42, 0, 1, 13
55, 42, 0, 1, 13
55, 42, 0, 1, 13
55, 42, 0, 1, 13
55, 42, 1, 0, 9
55, 42, 1, 0, 9
55, 42, 1, 0, 9
55, 42, 1, 0, 9
55, 42, 1, 0, 9
55, 42, 1, 0, 9
55, 42, 1, 0, 13
55, 42, 1, 0, 13
55, 42, 1, 0, 13
55, 42, 1, 0, 13
55, 42, 1, 0, 13
55, 42, 1, 0, 13
55, 42, 1, 0, 13
55, 42, 1, 0, 13
55, 42, 1, 0, 13
55, 42, 1, 0, 13
55, 42, 1, 0, 13
55, 42, 1, 0, 13
55, 42, 1, 0, 14
55, 42, 1, 0, 14
55, 42, 1, 0, 14
55, 42, 1, 0, 14
55, 42, 1, 0, 14
55, 42, 1, 0, 14
55, 42, 1, 0, 14
55, 42, 1, 0, 14
55, 42, 1, 0, 14
55, 42, 1, 0, 14
55, 42, 1, 0, 14
55, 42, 1, 0, 14
55, 42, 1, 0, 14
55, 42, 1, 0, 14
55, 42, 1, 0, 14
55, 42, 1, 0, 14
55, 42, 1, 0, 14
55, 42, 1, 0, 14
55, 42, 1, 0, 14
55, 42, 1, 0, 14
55, 42, 1, 0, 14
55, 42, 1, 0, 14
55, 42, 1, 0, 14
55, 42, 1, 0, 14
56, 42, 0, 1, 9
56, 42, 0, 1, 9
56, 42, 0, 1, 9
56, 42, 0, 1, 9
56, 42, 0, 1, 9
56, 42, 0, 1, 9
56, 42, 0, 1, 12
56, 42, 0, 1, 12
56, 42, 0, 1, 12
56, 42, 0, 1, 12
56, 42, 0, 1, 12
56, 42, 0, 1, 12
56, 42, 0, 1, 12
56, 42, 0, 1, 12
56, 42, 0, 1, 12
56, 42, 0, 1, 12
56, 42, 0, 1, 12
56, 42, 0, 1, 12
56, 42, 0, 1, 13
56, 42, 0, 1, 13
56, 42, 0, 1, 13
56, 42, 0, 1, 13
56, 42, 0, 1, 13
56, 42, 0, 1, 13
56, 42, 0, 1, 13
56, 42, 0, 1, 13
56, 42, 0, 1, 13
56, 42, 0, 1, 13
56, 42, 0, 1, 13
56, 42, 0, 1, 13
56, 42, 0, 1, 13
56, 42, 0, 1, 13
56, 42, 0, 1, 13
56, 42, 0, 1, 13
56, 42, 0, 1, 13
56, 42, 0, 1, 13
56, 42, 0, 1, 13
56, 42, 0, 1, 13
56, 42, 0, 1, 13
56, 42, 0, 1, 13
56, 42, 0, 1, 13
56, 42, 0, 1, 13
56, 42, 1, 0, 9
56, 42, 1, 0, 9
56, 42, 1, 0, 9
56, 42, 1, 0, 9
56, 42, 1, 0, 9
56, 42, 1, 0, 9
56, 42, 1, 0, 13
56, 42, 1, 0, 13
56, 42, 1, 0, 13
56, 42, 1, 0, 13
56, 42, 1, 0, 13
56, 42, 1, 0, 13
56, 42, 1, 0, 13
56, 42, 1, 0, 13
56, 42, 1, 0, 13
56, 42, 1, 0, 13
56, 42, 1, 0, 13
56, 42, 1, 0, 13
56, 42, 1, 0, 14
56, 42, 1, 0, 14
56, 42, 1, 0, 14
56, 42, 1, 0, 14
56, 42, 1, 0, 14
56, 42, 1, 0, 14
56, 42, 1, 0, 14
56, 42, 1, 0, 14
56, 42, 1, 0, 14
56, 42, 1, 0, 14
56, 42, 1, 0, 14
56, 42, 1, 0, 14
56, 42, 1, 0, 14
56, 42, 1, 0, 14
56, 42, 1, 0, 14
56, 42, 1, 0, 14
56, 42, 1, 0, 14
56, 42, 1, 0, 14
56, 42, 1, 0, 14
56, 42, 1, 0, 14
56, 42, 1, 0, 14
56, 42, 1, 0, 14
56, 42, 1, 0, 14
56, 42, 1, 0, 14
57, 42, 0, 1, 9
57, 42, 0, 1, 9
57, 42, 0, 1, 9
57, 42, 0, 1, 9
57, 42, 0, 1, 9
57, 42, 0, 1, 9
57, 42, 0, 1, 12
57, 42, 0, 1, 12
57, 42, 0, 1, 12
57, 42, 0, 1, 12
57, 42, 0, 1, 12
57, 42, 0, 1, 12
57, 42, 0, 1, 12
57, 42, 0, 1, 12
57, 42, 0, 1, 12
57, 42, 0, 1, 12
57, 42, 0, 1, 12
57, 42, 0, 1, 12
57, 42, 0, 1, 13
57, 42, 0, 1, 13
57, 42, 0, 1, 13
57, 42, 0, 1, 13
57, 42, 0, 1, 13
57, 42, 0, 1, 13
57, 42, 0, 1, 13
57, 42, 0, 1, 13
57, 42, 0, 1, 13
57, 42, 0, 1, 13
57, 42, 0, 1, 13
57, 42, 0, 1, 13
57, 42, 0, 1, 13
57, 42, 0, 1, 13
57, 42, 0, 1, 13
57, 42, 0, 1, 13
57, 42, 0, 1, 13
57, 42, 0, 1, 13
57, 42, 0, 1, 13
57, 42, 0, 1, 13
57, 42, 0, 1, 13
57, 42, 0, 1, 13
57, 42, 0, 1, 13
57, 42, 0, 1, 13
57, 42, 1, 0, 9
57, 42, 1, 0, 9
57, 42, 1, 0, 9
57, 42, 1, 0, 9
57, 42, 1, 0, 9
57, 42, 1, 0, 9
57, 42, 1, 0, 13
57, 42, 1, 0, 13
57, 42, 1, 0, 13
57, 42, 1, 0, 13
57, 42, 1, 0, 13
57, 42, 1, 0, 13
57, 42, 1, 0, 13
57, 42, 1, 0, 13
57, 42, 1, 0, 13
57, 42, 1, 0, 13
57, 42, 1, 0, 13
57, 42, 1, 0, 13
57, 42, 1, 0, 14
57, 42, 1, 0, 14
57, 42, 1, 0, 14
57, 42, 1, 0, 14
57, 42, 1, 0, 14
57, 42, 1, 0, 14
57, 42, 1, 0, 14
57, 42, 1, 0, 14
57, 42, 1, 0, 14
57, 42, 1, 0, 14
57, 42, 1, 0, 14
57, 42, 1, 0, 14
57, 42, 1, 0, 14
57, 42, 1, 0, 14
57, 42, 1, 0, 14
57, 42, 1, 0, 14
57, 42, 1, 0, 14
57, 42, 1, 0, 14
57, 42, 1, 0, 14
57, 42, 1, 0, 14
57, 42, 1, 0, 14
57, 42, 1, 0, 14
57, 42, 1, 0, 14
57, 42, 1, 0, 14
58, 6, 0, 3, 11
58, 6, 0, 3, 11
58, 6, 0, 3, 11
58, 6, 0, 3, 11
58, 6, 0, 4, 11
58, 6, 0, 4, 11
58, 6, 2, 3, 8
58, 6, 2, 3, 8
58, 6, 2, 3, 8
58, 6, 2, 3, 8
58, 6, 2, 4, 8
58, 6, 2, 4, 8
58, 28, 3, 0, 10
58, 28, 3, 0, 11
58, 28, 3, 0, 11
58, 28, 3, 0, 11
58, 28, 3, 1, 12
58, 28, 3, 1, 13
58, 28, 3, 1, 13
58, 28, 3, 1, 13
58, 28, 3, 5, 12
58, 28, 3, 5, 12
58, 28, 3, 5, 12
58, 28, 3, 5, 12
58, 28, 3, 5, 12
58, 28, 3, 5, 13
58, 28, 3, 5, 13
58, 28, 3, 5, 13
58, 28, 3, 5, 13
58, 28, 3, 5, 13
58, 28, 3, 5, 13
58, 28, 3, 5, 13
58, 28, 3, 5, 13
58, 28, 3, 5, 13
58, 28, 3, 5, 13
58, 28, 3, 5, 13
58, 28, 3, 5, 13
58, 28, 3, 5, 13
58, 28, 3, 5, 13
58, 28, 3, 5, 13
58, 14, 4, 0, 10
58, 14, 4, 0, 11
58, 14, 4, 1, 12
58, 14, 4, 1, 13
58, 14, 4, 5, 12
58, 14, 4, 5, 12
58, 14, 4, 5, 12
58, 14, 4, 5, 12
58, 14, 4, 5, 12
58, 14, 4, 5, 13
58, 14, 4, 5, 13
58, 14, 4, 5, 13
58, 14, 4, 5, 13
58, 14, 4, 5, 13
59, 12, 0, 1, 7
59, 12, 0, 1, 8
59, 12, 0, 1, 8
59, 12, 0, 1, 8
59, 12, 0, 1, 8
59, 12, 0, 1, 8
59, 12, 0, 1, 11
59, 12, 0, 1, 11
59, 12, 0, 1, 11
59, 12, 0, 1, 11
59, 12, 0, 1, 11
59, 12, 0, 1, 11
59, 6, 1, 0, 11
59, 6, 1, 0, 11
59, 6, 1, 0, 11
59, 6, 1, 0, 11
59, 6, 1, 0, 11
59, 6, 1, 0, 11
60, 42, 0, 1, 9
60, 42, 0, 1, 9
60, 42, 0, 1, 9
60, 42, 0, 1, 9
60, 42, 0, 1, 9
60, 42, 0, 1, 9
60, 42, 0, 1, 12
60, 42, 0, 1, 12
60, 42, 0, 1, 12
60, 42, 0, 1, 12
60, 42, 0, 1, 12
60, 42, 0, 1, 12
60, 42, 0, 1, 12
60, 42, 0, 1, 12
60, 42, 0, 1, 12
60, 42, 0, 1, 12
60, 42, 0, 1, 12
60, 42, 0, 1, 12
60, 42, 0, 1, 13
60, 42, 0, 1, 13
60, 42, 0, 1, 13
60, 42, 0, 1, 13
60, 42, 0, 1, 13
60, 42, 0, 1, 13
60, 42, 0, 1, 13
60, 42, 0, 1, 13
60, 42, 0, 1, 13
60, 42, 0, 1, 13
60, 42, 0, 1, 13
60, 42, 0, 1, 13
60, 42, 0, 1, 13
60, 42, 0, 1, 13
60, 42, 0, 1, 13
60, 42, 0, 1, 13
60, 42, 0, 1, 13
60, 42, 0, 1, 13
60, 42, 0, 1, 13
60, 42, 0, 1, 13
60, 42, 0, 1, 13
60, 42, 0, 1, 13
60, 42, 0, 1, 13
60, 42, 0, 1, 13
60, 42, 1, 0, 9
60, 42, 1, 0, 9
60, 42, 1, 0, 9
60, 42, 1, 0, 9
60, 42, 1, 0, 9
60, 42, 1, 0, 9
60, 42, 1, 0, 13
60, 42, 1, 0, 13
60, 42, 1, 0, 13
60, 42, 1, 0, 13
60, 42, 1, 0, 13
60, 42, 1, 0, 13
60, 42, 1, 0, 13
60, 42, 1, 0, 13
60, 42, 1, 0, 13
60, 42, 1, 0, 13
60, 42, 1, 0, 13
60, 42, 1, 0, 13
60, 42, 1, 0, 14
60, 42, 1, 0, 14
60, 42, 1, 0, 14
60, 42, 1, 0, 14
60, 42, 1, 0, 14
60, 42, 1, 0, 14
60, 42, 1, 0, 14
60, 42, 1, 0, 14
60, 42, 1, 0, 14
60, 42, 1, 0, 14
60, 42, 1, 0, 14
60, 42, 1, 0, 14
60, 42, 1, 0, 14
60, 42, 1, 0, 14
60, 42, 1, 0, 14
60, 42, 1, 0, 14
60, 42, 1, 0, 14
60, 42, 1, 0, 14
60, 42, 1, 0, 14
60, 42, 1, 0, 14
60, 42, 1, 0, 14
60, 42, 1, 0, 14
60, 42, 1, 0, 14
60, 42, 1, 0, 14
61, 42, 0, 1, 9
61, 42, 0, 1, 9
61, 42, 0, 1, 9
61, 42, 0, 1, 9
61, 42, 0, 1, 9
61, 42, 0, 1, 9
61, 42, 0, 1, 12
61, 42, 0, 1, 12
61, 42, 0, 1, 12
61, 42, 0, 1, 12
61, 42, 0, 1, 12
61, 42, 0, 1, 12
61, 42, 0, 1, 12
61, 42, 0, 1, 12
61, 42, 0, 1, 12
61, 42, 0, 1, 12
61, 42, 0, 1, 12
61, 42, 0, 1, 12
61, 42, 0, 1, 13
61, 42, 0, 1, 13
61, 42, 0, 1, 13
61, 42, 0, 1, 13
61, 42, 0, 1, 13
61, 42, 0, 1, 13
61, 42, 0, 1, 13
61, 42, 0, 1, 13
61, 42, 0, 1, 13
61, 42, 0, 1, 13
61, 42, 0, 1, 13
61, 42, 0, 1, 13
61, 42, 0, 1, 13
61, 42, 0, 1, 13
61, 42, 0, 1, 13
61, 42, 0, 1, 13
61, 42, 0, 1, 13
61, 42, 0, 1, 13
61, 42, 0, 1, 13
61, 42, 0, 1, 13
61, 42, 0, 1, 13
61, 42, 0, 1, 13
61, 42, 0, 1, 13
61, 42, 0, 1, 13
61, 42, 1, 0, 8
61, 42, 1, 0, 8
61, 42, 1, 0, 8
61, 42, 1, 0, 8
61, 42, 1, 0, 8
61, 42, 1, 0, 8
61, 42, 1, 0, 13
61, 42, 1, 0, 13
61, 42, 1, 0, 13
61, 42, 1, 0, 13
61, 42, 1, 0, 13
61, 42, 1, 0, 13
61, 42, 1, 0, 13
61, 42, 1, 0, 13
61, 42, 1, 0, 13
61, 42, 1, 0, 13
61, 42, 1, 0, 13
61, 42, 1, 0, 13
61, 42, 1, 0, 14
61, 42, 1, 0, 14
61, 42, 1, 0, 14
61, 42, 1, 0, 14
61, 42, 1, 0, 14
61, 42, 1, 0, 14
61, 42, 1, 0, 14
61, 42, 1, 0, 14
61, 42, 1, 0, 14
61, 42, 1, 0, 14
61, 42, 1, 0, 14
61, 42, 1, 0, 14
61, 42, 1, 0, 14
61, 42, 1, 0, 14
61, 42, 1, 0, 14
61, 42, 1, 0, 14
61, 42, 1, 0, 14
61, 42, 1, 0, 14
61, 42, 1, 0, 14
61, 42, 1, 0, 14
61, 42, 1, 0, 14
61, 42, 1, 0, 14
61, 42, 1, 0, 14
61, 42, 1, 0, 14
62, 18, 0, 1, 7
62, 18, 0, 1, 8
62, 18, 0, 1, 8
62, 18, 0, 1, 8
62, 18, 0, 1, 8
62, 18, 0, 1, 8
62, 18, 0, 1, 11
62, 18, 0, 1, 11
62, 18, 0, 1, 11
62, 18, 0, 1, 11
62, 18, 0, 1, 11
62, 18, 0, 1, 11
62, 18, 0, 1, 12
62, 18, 0, 1, 12
62, 18, 0, 1, 12
62, 18, 0, 1, 12
62, 18, 0, 1, 12
62, 18, 0, 1, 12
62, 18, 1, 0, 8
62, 18, 1, 0, 9
62, 18, 1, 0, 9
62, 18, 1, 0, 9
62, 18, 1, 0, 9
62, 18, 1, 0, 9
62, 18, 1, 0, 12
62, 18, 1, 0, 12
62, 18, 1, 0, 12
62, 18, 1, 0, 12
62, 18, 1, 0, 12
62, 18, 1, 0, 12
62, 18, 1, 0, 12
62, 18, 1, 0, 12
62, 18, 1, 0, 12
62, 18, 1, 0, 12
62, 18, 1, 0, 12
62, 18, 1, 0, 12
63, 18, 0, 1, 7
63, 18, 0, 1, 8
63, 18, 0, 1, 8
63, 18, 0, 1, 8
63, 18, 0, 1, 8
63, 18, 0, 1, 8
63, 18, 0, 1, 11
63, 18, 0, 1, 11
63, 18, 0, 1, 11
63, 18, 0, 1, 11
63, 18, 0, 1, 11
63, 18, 0, 1, 11
63, 18, 0, 1, 12
63, 18, 0, 1, 12
63, 18, 0, 1, 12
63, 18, 0, 1, 12
63, 18, 0, 1, 12
63, 18, 0, 1, 12
63, 18, 1, 0, 8
63, 18, 1, 0, 9
63, 18, 1, 0, 9
63, 18, 1, 0, 9
63, 18, 1, 0, 9
63, 18, 1, 0, 9
63, 18, 1, 0, 12
63, 18, 1, 0, 12
63, 18, 1, 0, 12
63, 18, 1, 0, 12
63, 18, 1, 0, 12
63, 18, 1, 0, 12
63, 18, 1, 0, 12
63, 18, 1, 0, 12
63, 18, 1, 0, 12
63, 18, 1, 0, 12
63, 18, 1, 0, 12
63, 18, 1, 0, 12
64, 18, 0, 1, 7
64, 18, 0, 1, 8
64, 18, 0, 1, 8
64, 18, 0, 1, 8
64, 18, 0, 1, 8
64, 18, 0, 1, 8
64, 18, 0, 1, 11
64, 18, 0, 1, 11
64, 18, 0, 1, 11
64, 18, 0, 1, 11
64, 18, 0, 1, 11
64, 18, 0, 1, 11
64, 18, 0, 1, 12
64, 18, 0, 1, 12
64, 18, 0, 1, 12
64, 18, 0, 1, 12
64, 18, 0, 1, 12
64, 18, 0, 1, 12
64, 18, 1, 0, 8
64, 18, 1, 0, 9
64, 18, 1, 0, 9
64, 18, 1, 0, 9
64, 18, 1, 0, 9
64, 18, 1, 0, 9
64, 18, 1, 0, 11
64, 18, 1, 0, 11
64, 18, 1, 0, 11
64, 18, 1, 0, 11
64, 18, 1, 0, 11
64, 18, 1, 0, 11
64, 18, 1, 0, 12
64, 18, 1, 0, 12
64, 18, 1, 0, 12
64, 18, 1, 0, 12
64, 18, 1, 0, 12
64, 18, 1, 0, 12
65, 12, 0, 1, 7
65, 12, 0, 1, 8
65, 12, 0, 1, 8
65, 12, 0, 1, 8
65, 12, 0, 1, 8
65, 12, 0, 1, 8
65, 12, 0, 1, 11
65, 12, 0, 1, 11
65, 12, 0, 1, 11
65, 12, 0, 1, 11
65, 12, 0, 1, 11
65, 12, 0, 1, 11
65, 6, 1, 0, 12
65, 6, 1, 0, 12
65, 6, 1, 0, 12
65, 6, 1, 0, 12
65, 6, 1, 0, 12
65, 6, 1, 0, 12
66, 12, 0, 1, 7
66, 12, 0, 1, 8
66, 12, 0, 1, 8
66, 12, 0, 1, 8
66, 12, 0, 1, 8
66, 12, 0, 1, 8
66, 12, 0, 1, 11
66, 12, 0, 1, 11
66, 12, 0, 1, 11
66, 12, 0, 1, 11
66, 12, 0, 1, 11
66, 12, 0, 1, 11
66, 6, 1, 0, 12
66, 6, 1, 0, 12
66, 6, 1, 0, 12
66, 6, 1, 0, 12
66, 6, 1, 0, 12
66, 6, 1, 0, 12
67, 18, 0, 1, 7
67, 18, 0, 1, 8
67, 18, 0, 1, 8
67, 18, 0, 1, 8
67, 18, 0, 1, 8
67, 18, 0, 1, 8
67, 18, 0, 1, 11
67, 18, 0, 1, 11
67, 18, 0, 1, 11
67, 18, 0, 1, 11
67, 18, 0, 1, 11
67, 18, 0, 1, 11
67, 18, 0, 1, 12
67, 18, 0, 1, 12
67, 18, 0, 1, 12
67, 18, 0, 1, 12
67, 18, 0, 1, 12
67, 18, 0, 1, 12
67, 18, 1, 0, 8
67, 18, 1, 0, 9
67, 18, 1, 0, 9
67, 18, 1, 0, 9
67, 18, 1, 0, 9
67, 18, 1, 0, 9
67, 18, 1, 0, 11
67, 18, 1, 0, 11
67, 18, 1, 0, 11
67, 18, 1, 0, 11
67, 18, 1, 0, 11
67, 18, 1, 0, 11
67, 18, 1, 0, 12
67, 18, 1, 0, 12
67, 18, 1, 0, 12
67, 18, 1, 0, 12
67, 18, 1, 0, 12
67, 18, 1, 0, 12
68, 6, 1, 0, 13
68, 6, 1, 0, 13
68, 6, 1, 0, 14
68, 6, 1, 0, 14
68, 6, 1, 0, 14
68, 6, 1, 0, 14
69, 6, 1, 0, 13
69, 6, 1, 0, 13
69, 6, 1, 0, 14
69, 6, 1, 0, 14
69, 6, 1, 0, 14
69, 6, 1, 0, 14
70, 6, 1, 0, 13
70, 6, 1, 0, 13
70, 6, 1, 0, 14
70, 6, 1, 0, 14
70, 6, 1, 0, 14
70, 6, 1, 0, 14
71, 6, 1, 0, 13
71, 6, 1, 0, 13
71, 6, 1, 0, 14
71, 6, 1, 0, 14
71, 6, 1, 0, 14
71, 6, 1, 0, 14
72, 6, 1, 0, 13
72, 6, 1, 0, 13
72, 6, 1, 0, 14
72, 6, 1, 0, 14
72, 6, 1, 0, 14
72, 6, 1, 0, 14
73, 6, 1, 0, 13
73, 6, 1, 0, 13
73, 6, 1, 0, 14
73, 6, 1, 0, 14
73, 6, 1, 0, 14
73, 6, 1, 0, 14
74, 6, 1, 0, 13
74, 6, 1, 0, 13
74, 6, 1, 0, 14
74, 6, 1, 0, 14
74, 6, 1, 0, 14
74, 6, 1, 0, 14
75, 6, 1, 0, 13
75, 6, 1, 0, 13
75, 6, 1, 0, 14
75, 6, 1, 0, 14
75, 6, 1, 0, 14
75, 6, 1, 0, 14
76, 6, 1, 0, 13
76, 6, 1, 0, 13
76, 6, 1, 0, 14
76, 6, 1, 0, 14
76, 6, 1, 0, 14
76, 6, 1, 0, 14
77, 6, 1, 0, 13
77, 6, 1, 0, 13
77, 6, 1, 0, 14
77, 6, 1, 0, 14
77, 6, 1, 0, 14
77, 6, 1, 0, 14
78, 6, 1, 0, 13
78, 6, 1, 0, 13
78, 6, 1, 0, 14
78, 6, 1, 0, 14
78, 6, 1, 0, 14
78, 6, 1, 0, 14
79, 6, 1, 0, 13
79, 6, 1, 0, 13
79, 6, 1, 0, 14
79, 6, 1, 0, 14
79, 6, 1, 0, 14
79, 6, 1, 0, 14
80, 6, 1, 0, 13
80, 6, 1, 0, 13
80, 6, 1, 0, 14
80, 6, 1, 0, 14
80, 6, 1, 0, 14
80, 6, 1, 0, 14
81, 6, 1, 0, 13
81, 6, 1, 0, 13
81, 6, 1, 0, 14
81, 6, 1, 0, 14
81, 6, 1, 0, 14
81, 6, 1, 0, 14
82, 6, 1, 0, 13
82, 6, 1, 0, 13
82, 6, 1, 0, 14
82, 6, 1, 0, 14
82, 6, 1, 0, 14
82, 6, 1, 0, 14
83, 6, 1, 0, 13
83, 6, 1, 0, 13
83, 6, 1, 0, 14
83, 6, 1, 0, 14
83, 6, 1, 0, 14
83, 6, 1, 0, 14
84, 6, 1, 0, 13
84, 6, 1, 0, 13
84, 6, 1, 0, 14
84, 6, 1, 0, 14
84, 6, 1, 0, 14
84, 6, 1, 0, 14
85, 6, 1, 0, 13
85, 6, 1, 0, 13
85, 6, 1, 0, 14
85, 6, 1, 0, 14
85, 6, 1, 0, 14
85, 6, 1, 0, 14
86, 6, 1, 0, 13
86, 6, 1, 0, 13
86, 6, 1, 0, 14
86, 6, 1, 0, 14
86, 6, 1, 0, 14
86, 6, 1, 0, 14
87, 6, 1, 0, 13
87, 6, 1, 0, 13
87, 6, 1, 0, 14
87, 6, 1, 0, 14
87, 6, 1, 0, 14
87, 6, 1, 0, 14
88, 6, 1, 0, 13
88, 6, 1, 0, 13
88, 6, 1, 0, 14
88, 6, 1, 0, 14
88, 6, 1, 0, 14
88, 6, 1, 0, 14
89, 6, 1, 0, 13
89, 6, 1, 0, 13
89, 6, 1, 0, 14
89, 6, 1, 0, 14
89, 6, 1, 0, 14
89, 6, 1, 0, 14
90, 6, 1, 0, 13
90, 6, 1, 0, 13
90, 6, 1, 0, 14
90, 6, 1, 0, 14
90, 6, 1, 0, 14
90, 6, 1, 0, 14
91, 16, 1, 0, 13
91, 16, 1, 0, 13
91, 16, 1, 0, 13
91, 16, 1, 0, 13
91, 16, 1, 0, 13
91, 16, 1, 0, 13
91, 16, 1, 0, 13
91, 16, 1, 0, 13
91, 16, 1, 0, 13
91, 16, 1, 0, 13
91, 16, 1, 0, 13
91, 16, 1, 0, 13
91, 16, 1, 0, 13
91, 16, 1, 0, 13
91, 16, 1, 0, 13
91, 16, 1, 0, 13
Goal
91
