CG
24
0, 13, 9, 9
0, 13, 10, 2
0, 13, 12, 2
0, 13, 15, 2
0, 13, 16, 9
0, 13, 17, 4
0, 13, 18, 4
0, 13, 11, 3
0, 13, 13, 4
0, 13, 14, 4
0, 13, 8, 2
0, 13, 1, 1
0, 13, 23, 1
0, 13, -1, 2
0, 13, -1, 2
0, 13, -1, 2
0, 13, -1, 2
1, 11, 9, 9
1, 11, 10, 9
1, 11, 12, 9
1, 11, 15, 9
1, 11, 16, 12
1, 11, 17, 4
1, 11, 18, 4
1, 11, 11, 12
1, 11, 13, 16
1, 11, 14, 16
1, 11, 8, 8
1, 11, -1, 2
1, 11, -1, 2
1, 11, -1, 2
1, 11, -1, 2
2, 13, 9, 2
2, 13, 10, 9
2, 13, 12, 2
2, 13, 15, 2
2, 13, 16, 9
2, 13, 17, 4
2, 13, 18, 4
2, 13, 11, 3
2, 13, 13, 4
2, 13, 14, 4
2, 13, 8, 2
2, 13, 1, 1
2, 13, 23, 1
2, 13, -1, 2
2, 13, -1, 2
2, 13, -1, 2
2, 13, -1, 2
3, 13, 9, 2
3, 13, 10, 2
3, 13, 12, 9
3, 13, 15, 2
3, 13, 16, 9
3, 13, 17, 4
3, 13, 18, 4
3, 13, 11, 3
3, 13, 13, 4
3, 13, 14, 4
3, 13, 8, 2
3, 13, 1, 1
3, 13, 23, 1
3, 13, -1, 2
3, 13, -1, 2
3, 13, -1, 2
3, 13, -1, 2
4, 13, 9, 2
4, 13, 10, 2
4, 13, 12, 2
4, 13, 15, 9
4, 13, 16, 9
4, 13, 17, 4
4, 13, 18, 4
4, 13, 11, 3
4, 13, 13, 4
4, 13, 14, 4
4, 13, 8, 2
4, 13, 1, 1
4, 13, 23, 1
4, 13, -1, 2
4, 13, -1, 2
4, 13, -1, 2
4, 13, -1, 2
5, 6, 9, 2
5, 6, 10, 2
5, 6, 12, 2
5, 6, 15, 2
5, 6, 17, 4
5, 6, 6, 4
6, 6, 9, 2
6, 6, 10, 2
6, 6, 12, 2
6, 6, 15, 2
6, 6, 5, 4
6, 6, 7, 4
7, 6, 9, 2
7, 6, 10, 2
7, 6, 12, 2
7, 6, 15, 2
7, 6, 6, 4
7, 6, 18, 4
8, 5, 9, 2
8, 5, 10, 2
8, 5, 12, 2
8, 5, 15, 2
8, 5, 14, 8
9, 12, 16, 14
9, 12, 17, 8
9, 12, 5, 4
9, 12, 6, 4
9, 12, 7, 4
9, 12, 18, 8
9, 12, 11, 6
9, 12, 13, 8
9, 12, 14, 8
9, 12, 8, 4
9, 12, 0, 2
9, 12, 19, 1
9, 12, -1, 12
10, 12, 16, 14
10, 12, 17, 8
10, 12, 5, 4
10, 12, 6, 4
10, 12, 7, 4
10, 12, 18, 8
10, 12, 11, 6
10, 12, 13, 8
10, 12, 14, 8
10, 12, 8, 4
10, 12, 2, 2
10, 12, 20, 1
10, 12, -1, 12
11, 6, 9, 3
11, 6, 10, 3
11, 6, 12, 3
11, 6, 15, 3
11, 6, 16, 4
11, 6, 13, 8
12, 12, 16, 14
12, 12, 17, 8
12, 12, 5, 4
12, 12, 6, 4
12, 12, 7, 4
12, 12, 18, 8
12, 12, 11, 6
12, 12, 13, 8
12, 12, 14, 8
12, 12, 8, 4
12, 12, 3, 2
12, 12, 21, 1
12, 12, -1, 12
13, 6, 9, 4
13, 6, 10, 4
13, 6, 12, 4
13, 6, 15, 4
13, 6, 11, 8
13, 6, 14, 8
14, 6, 9, 4
14, 6, 10, 4
14, 6, 12, 4
14, 6, 15, 4
14, 6, 13, 8
14, 6, 8, 8
15, 12, 16, 14
15, 12, 17, 8
15, 12, 5, 4
15, 12, 6, 4
15, 12, 7, 4
15, 12, 18, 8
15, 12, 11, 6
15, 12, 13, 8
15, 12, 14, 8
15, 12, 8, 4
15, 12, 4, 2
15, 12, 22, 1
15, 12, -1, 12
16, 7, 9, 11
16, 7, 10, 11
16, 7, 12, 11
16, 7, 15, 11
16, 7, 17, 20
16, 7, 18, 20
16, 7, 11, 4
16, 7, -1, 10
16, 7, -1, 10
16, 7, -1, 10
16, 7, -1, 10
17, 10, 9, 2
17, 10, 10, 2
17, 10, 12, 2
17, 10, 15, 2
17, 10, 16, 4
17, 10, 5, 4
17, 10, 0, 1
17, 10, 2, 1
17, 10, 3, 1
17, 10, 4, 1
17, 10, -1, 1
17, 10, -1, 1
17, 10, -1, 1
17, 10, -1, 1
18, 10, 9, 2
18, 10, 10, 2
18, 10, 12, 2
18, 10, 15, 2
18, 10, 16, 4
18, 10, 7, 4
18, 10, 0, 1
18, 10, 2, 1
18, 10, 3, 1
18, 10, 4, 1
18, 10, -1, 1
18, 10, -1, 1
18, 10, -1, 1
18, 10, -1, 1
DTG
0, 2, 1, 0, 3
0, 2, 1, 0, 3
1, 1, 0, 1, 5
2, 2, 1, 0, 3
2, 2, 1, 0, 3
3, 2, 1, 0, 3
3, 2, 1, 0, 3
4, 2, 1, 0, 3
4, 2, 1, 0, 3
5, 8, 0, 1, 2
5, 8, 0, 1, 2
5, 8, 0, 1, 2
5, 8, 0, 1, 2
5, 8, 0, 1, 2
5, 8, 0, 1, 2
5, 8, 0, 1, 2
5, 8, 0, 1, 2
5, 8, 1, 0, 3
5, 8, 1, 0, 3
5, 8, 1, 0, 3
5, 8, 1, 0, 3
5, 8, 1, 0, 3
5, 8, 1, 0, 3
5, 8, 1, 0, 3
5, 8, 1, 0, 3
6, 8, 0, 1, 2
6, 8, 0, 1, 2
6, 8, 0, 1, 2
6, 8, 0, 1, 2
6, 8, 0, 1, 2
6, 8, 0, 1, 2
6, 8, 0, 1, 2
6, 8, 0, 1, 2
6, 8, 1, 0, 3
6, 8, 1, 0, 3
6, 8, 1, 0, 3
6, 8, 1, 0, 3
6, 8, 1, 0, 3
6, 8, 1, 0, 3
6, 8, 1, 0, 3
6, 8, 1, 0, 3
7, 8, 0, 1, 2
7, 8, 0, 1, 2
7, 8, 0, 1, 2
7, 8, 0, 1, 2
7, 8, 0, 1, 2
7, 8, 0, 1, 2
7, 8, 0, 1, 2
7, 8, 0, 1, 2
7, 8, 1, 0, 3
7, 8, 1, 0, 3
7, 8, 1, 0, 3
7, 8, 1, 0, 3
7, 8, 1, 0, 3
7, 8, 1, 0, 3
7, 8, 1, 0, 3
7, 8, 1, 0, 3
8, 8, 0, 1, 3
8, 8, 0, 1, 3
8, 8, 0, 1, 3
8, 8, 0, 1, 3
8, 8, 0, 1, 3
8, 8, 0, 1, 3
8, 8, 0, 1, 3
8, 8, 0, 1, 3
8, 8, 1, 0, 4
8, 8, 1, 0, 4
8, 8, 1, 0, 4
8, 8, 1, 0, 4
8, 8, 1, 0, 4
8, 8, 1, 0, 4
8, 8, 1, 0, 4
8, 8, 1, 0, 4
9, 3, 0, 1, 2
9, 3, 0, 5, 2
9, 3, 0, 6, 3
9, 6, 1, 0, 3
9, 6, 1, 0, 3
9, 6, 1, 0, 3
9, 6, 1, 0, 3
9, 6, 1, 0, 3
9, 6, 1, 2, 2
9, 2, 2, 1, 2
9, 2, 2, 3, 2
9, 2, 3, 2, 2
9, 2, 3, 4, 2
9, 2, 4, 3, 2
9, 2, 4, 5, 2
9, 6, 5, 0, 3
9, 6, 5, 0, 3
9, 6, 5, 0, 3
9, 6, 5, 0, 3
9, 6, 5, 0, 3
9, 6, 5, 4, 2
9, 3, 6, 0, 3
9, 3, 6, 7, 3
9, 3, 6, 7, 3
9, 4, 7, 6, 3
9, 4, 7, 6, 3
9, 4, 7, 8, 3
9, 4, 7, 8, 3
9, 4, 8, 7, 3
9, 4, 8, 7, 3
9, 4, 8, 9, 3
9, 4, 8, 9, 3
9, 2, 9, 8, 3
9, 2, 9, 8, 3
10, 3, 0, 1, 2
10, 3, 0, 5, 2
10, 3, 0, 6, 3
10, 6, 1, 0, 3
10, 6, 1, 0, 3
10, 6, 1, 0, 3
10, 6, 1, 0, 3
10, 6, 1, 0, 3
10, 6, 1, 2, 2
10, 2, 2, 1, 2
10, 2, 2, 3, 2
10, 2, 3, 2, 2
10, 2, 3, 4, 2
10, 2, 4, 3, 2
10, 2, 4, 5, 2
10, 6, 5, 0, 3
10, 6, 5, 0, 3
10, 6, 5, 0, 3
10, 6, 5, 0, 3
10, 6, 5, 0, 3
10, 6, 5, 4, 2
10, 3, 6, 0, 3
10, 3, 6, 7, 3
10, 3, 6, 7, 3
10, 4, 7, 6, 3
10, 4, 7, 6, 3
10, 4, 7, 8, 3
10, 4, 7, 8, 3
10, 4, 8, 7, 3
10, 4, 8, 7, 3
10, 4, 8, 9, 3
10, 4, 8, 9, 3
10, 2, 9, 8, 3
10, 2, 9, 8, 3
11, 12, 0, 1, 3
11, 12, 0, 1, 3
11, 12, 0, 1, 3
11, 12, 0, 1, 3
11, 12, 0, 1, 3
11, 12, 0, 1, 3
11, 12, 0, 1, 3
11, 12, 0, 1, 3
11, 12, 0, 1, 3
11, 12, 0, 1, 3
11, 12, 0, 1, 3
11, 12, 0, 1, 3
11, 12, 1, 0, 4
11, 12, 1, 0, 4
11, 12, 1, 0, 4
11, 12, 1, 0, 4
11, 12, 1, 0, 4
11, 12, 1, 0, 4
11, 12, 1, 0, 4
11, 12, 1, 0, 4
11, 12, 1, 0, 4
11, 12, 1, 0, 4
11, 12, 1, 0, 4
11, 12, 1, 0, 4
12, 3, 0, 1, 2
12, 3, 0, 5, 2
12, 3, 0, 6, 3
12, 6, 1, 0, 3
12, 6, 1, 0, 3
12, 6, 1, 0, 3
12, 6, 1, 0, 3
12, 6, 1, 0, 3
12, 6, 1, 2, 2
12, 2, 2, 1, 2
12, 2, 2, 3, 2
12, 2, 3, 2, 2
12, 2, 3, 4, 2
12, 2, 4, 3, 2
12, 2, 4, 5, 2
12, 6, 5, 0, 3
12, 6, 5, 0, 3
12, 6, 5, 0, 3
12, 6, 5, 0, 3
12, 6, 5, 0, 3
12, 6, 5, 4, 2
12, 3, 6, 0, 3
12, 3, 6, 7, 3
12, 3, 6, 7, 3
12, 4, 7, 6, 3
12, 4, 7, 6, 3
12, 4, 7, 8, 3
12, 4, 7, 8, 3
12, 4, 8, 7, 3
12, 4, 8, 7, 3
12, 4, 8, 9, 3
12, 4, 8, 9, 3
12, 2, 9, 8, 3
12, 2, 9, 8, 3
13, 16, 0, 1, 3
13, 16, 0, 1, 3
13, 16, 0, 1, 3
13, 16, 0, 1, 3
13, 16, 0, 1, 3
13, 16, 0, 1, 3
13, 16, 0, 1, 3
13, 16, 0, 1, 3
13, 16, 0, 1, 3
13, 16, 0, 1, 3
13, 16, 0, 1, 3
13, 16, 0, 1, 3
13, 16, 0, 1, 3
13, 16, 0, 1, 3
13, 16, 0, 1, 3
13, 16, 0, 1, 3
13, 16, 1, 0, 4
13, 16, 1, 0, 4
13, 16, 1, 0, 4
13, 16, 1, 0, 4
13, 16, 1, 0, 4
13, 16, 1, 0, 4
13, 16, 1, 0, 4
13, 16, 1, 0, 4
13, 16, 1, 0, 4
13, 16, 1, 0, 4
13, 16, 1, 0, 4
13, 16, 1, 0, 4
13, 16, 1, 0, 4
13, 16, 1, 0, 4
13, 16, 1, 0, 4
13, 16, 1, 0, 4
14, 16, 0, 1, 3
14, 16, 0, 1, 3
14, 16, 0, 1, 3
14, 16, 0, 1, 3
14, 16, 0, 1, 3
14, 16, 0, 1, 3
14, 16, 0, 1, 3
14, 16, 0, 1, 3
14, 16, 0, 1, 3
14, 16, 0, 1, 3
14, 16, 0, 1, 3
14, 16, 0, 1, 3
14, 16, 0, 1, 3
14, 16, 0, 1, 3
14, 16, 0, 1, 3
14, 16, 0, 1, 3
14, 16, 1, 0, 4
14, 16, 1, 0, 4
14, 16, 1, 0, 4
14, 16, 1, 0, 4
14, 16, 1, 0, 4
14, 16, 1, 0, 4
14, 16, 1, 0, 4
14, 16, 1, 0, 4
14, 16, 1, 0, 4
14, 16, 1, 0, 4
14, 16, 1, 0, 4
14, 16, 1, 0, 4
14, 16, 1, 0, 4
14, 16, 1, 0, 4
14, 16, 1, 0, 4
14, 16, 1, 0, 4
15, 3, 0, 1, 2
15, 3, 0, 5, 2
15, 3, 0, 6, 3
15, 6, 1, 0, 3
15, 6, 1, 0, 3
15, 6, 1, 0, 3
15, 6, 1, 0, 3
15, 6, 1, 0, 3
15, 6, 1, 2, 2
15, 2, 2, 1, 2
15, 2, 2, 3, 2
15, 2, 3, 2, 2
15, 2, 3, 4, 2
15, 2, 4, 3, 2
15, 2, 4, 5, 2
15, 6, 5, 0, 3
15, 6, 5, 0, 3
15, 6, 5, 0, 3
15, 6, 5, 0, 3
15, 6, 5, 0, 3
15, 6, 5, 4, 2
15, 3, 6, 0, 3
15, 3, 6, 7, 3
15, 3, 6, 7, 3
15, 4, 7, 6, 3
15, 4, 7, 6, 3
15, 4, 7, 8, 3
15, 4, 7, 8, 3
15, 4, 8, 7, 3
15, 4, 8, 7, 3
15, 4, 8, 9, 3
15, 4, 8, 9, 3
15, 2, 9, 8, 3
15, 2, 9, 8, 3
16, 44, 0, 1, 3
16, 44, 0, 1, 3
16, 44, 0, 1, 3
16, 44, 0, 1, 3
16, 44, 0, 1, 3
16, 44, 0, 1, 3
16, 44, 0, 1, 3
16, 44, 0, 1, 3
16, 44, 0, 1, 3
16, 44, 0, 1, 3
16, 44, 0, 1, 3
16, 44, 0, 1, 3
16, 44, 0, 1, 3
16, 44, 0, 1, 3
16, 44, 0, 1, 3
16, 44, 0, 1, 3
16, 44, 0, 1, 3
16, 44, 0, 1, 3
16, 44, 0, 1, 3
16, 44, 0, 1, 3
16, 44, 0, 1, 3
16, 44, 0, 1, 3
16, 44, 0, 1, 3
16, 44, 0, 1, 3
16, 44, 0, 1, 3
16, 44, 0, 1, 3
16, 44, 0, 1, 3
16, 44, 0, 1, 3
16, 44, 0, 1, 3
16, 44, 0, 1, 3
16, 44, 0, 1, 3
16, 44, 0, 1, 3
16, 44, 0, 1, 3
16, 44, 0, 1, 3
16, 44, 0, 1, 3
16, 44, 0, 1, 3
16, 44, 0, 1, 3
16, 44, 0, 1, 3
16, 44, 0, 1, 3
16, 44, 0, 1, 3
16, 44, 0, 1, 3
16, 44, 0, 1, 3
16, 44, 0, 1, 3
16, 44, 0, 1, 3
16, 12, 1, 0, 3
16, 12, 1, 0, 3
16, 12, 1, 0, 3
16, 12, 1, 0, 3
16, 12, 1, 0, 3
16, 12, 1, 0, 3
16, 12, 1, 0, 3
16, 12, 1, 0, 3
16, 12, 1, 0, 4
16, 12, 1, 0, 4
16, 12, 1, 0, 4
16, 12, 1, 0, 4
17, 8, 0, 1, 2
17, 8, 0, 1, 2
17, 8, 0, 1, 2
17, 8, 0, 1, 2
17, 8, 0, 1, 2
17, 8, 0, 1, 2
17, 8, 0, 1, 2
17, 8, 0, 1, 2
17, 24, 1, 0, 3
17, 24, 1, 0, 3
17, 24, 1, 0, 3
17, 24, 1, 0, 3
17, 24, 1, 0, 4
17, 24, 1, 0, 4
17, 24, 1, 0, 4
17, 24, 1, 0, 4
17, 24, 1, 0, 4
17, 24, 1, 0, 4
17, 24, 1, 0, 4
17, 24, 1, 0, 4
17, 24, 1, 0, 4
17, 24, 1, 0, 4
17, 24, 1, 0, 4
17, 24, 1, 0, 4
17, 24, 1, 0, 4
17, 24, 1, 0, 4
17, 24, 1, 0, 4
17, 24, 1, 0, 4
17, 24, 1, 0, 4
17, 24, 1, 0, 4
17, 24, 1, 0, 4
17, 24, 1, 0, 4
18, 8, 0, 1, 2
18, 8, 0, 1, 2
18, 8, 0, 1, 2
18, 8, 0, 1, 2
18, 8, 0, 1, 2
18, 8, 0, 1, 2
18, 8, 0, 1, 2
18, 8, 0, 1, 2
18, 24, 1, 0, 3
18, 24, 1, 0, 3
18, 24, 1, 0, 3
18, 24, 1, 0, 3
18, 24, 1, 0, 4
18, 24, 1, 0, 4
18, 24, 1, 0, 4
18, 24, 1, 0, 4
18, 24, 1, 0, 4
18, 24, 1, 0, 4
18, 24, 1, 0, 4
18, 24, 1, 0, 4
18, 24, 1, 0, 4
18, 24, 1, 0, 4
18, 24, 1, 0, 4
18, 24, 1, 0, 4
18, 24, 1, 0, 4
18, 24, 1, 0, 4
18, 24, 1, 0, 4
18, 24, 1, 0, 4
18, 24, 1, 0, 4
18, 24, 1, 0, 4
18, 24, 1, 0, 4
18, 24, 1, 0, 4
19, 1, 0, 1, 2
20, 1, 0, 1, 2
21, 1, 0, 1, 2
22, 1, 0, 1, 2
23, 1, 0, 1, 5
Goal
19
20
21
22
23
