CG
58
0, 2, 53, 1
0, 2, 33, 1
1, 3, 53, 1
1, 3, 34, 1
1, 3, 57, 6
2, 2, 53, 1
2, 2, 35, 1
3, 2, 53, 1
3, 2, 35, 1
4, 3, 53, 1
4, 3, 35, 1
4, 3, 57, 9
5, 2, 53, 1
5, 2, 35, 1
6, 2, 53, 1
6, 2, 35, 1
7, 2, 53, 1
7, 2, 35, 1
8, 2, 53, 1
8, 2, 33, 1
9, 3, 53, 1
9, 3, 34, 1
9, 3, 57, 6
10, 2, 53, 1
10, 2, 33, 1
11, 2, 53, 1
11, 2, 34, 1
12, 2, 53, 1
12, 2, 33, 1
13, 2, 53, 1
13, 2, 34, 1
14, 3, 53, 1
14, 3, 33, 1
14, 3, 57, 6
15, 2, 53, 1
15, 2, 34, 1
16, 3, 53, 1
16, 3, 33, 1
16, 3, 57, 6
17, 2, 53, 1
17, 2, 34, 1
18, 52, 53, 90
18, 52, 44, 8
18, 52, 46, 8
18, 52, 47, 8
18, 52, 48, 8
18, 52, 36, 8
18, 52, 37, 8
18, 52, 30, 7
18, 52, 31, 7
18, 52, 32, 7
18, 52, 0, 2
18, 52, 1, 2
18, 52, 2, 2
18, 52, 8, 1
18, 52, 9, 1
18, 52, 3, 1
18, 52, 10, 1
18, 52, 11, 1
18, 52, 4, 1
18, 52, 12, 1
18, 52, 13, 1
18, 52, 5, 1
18, 52, 14, 1
18, 52, 15, 1
18, 52, 6, 1
18, 52, 16, 1
18, 52, 17, 1
18, 52, 7, 1
18, 52, 49, 8
18, 52, 38, 8
18, 52, 33, 7
18, 52, 34, 7
18, 52, 35, 7
18, 52, 57, 9
18, 52, 39, 4
18, 52, 25, 2
18, 52, 55, 16
18, 52, 54, 16
18, 52, 52, 16
18, 52, 51, 16
18, 52, 56, 6
18, 52, 50, 36
18, 52, 40, 12
18, 52, 21, 6
18, 52, 41, 4
18, 52, 22, 2
18, 52, 23, 2
18, 52, 42, 4
18, 52, 27, 2
18, 52, 43, 4
18, 52, 28, 2
18, 52, 45, 4
19, 52, 53, 90
19, 52, 44, 8
19, 52, 46, 8
19, 52, 47, 8
19, 52, 48, 8
19, 52, 36, 8
19, 52, 37, 8
19, 52, 30, 7
19, 52, 31, 7
19, 52, 32, 7
19, 52, 0, 1
19, 52, 1, 1
19, 52, 2, 1
19, 52, 8, 2
19, 52, 9, 2
19, 52, 3, 2
19, 52, 10, 1
19, 52, 11, 1
19, 52, 4, 1
19, 52, 12, 1
19, 52, 13, 1
19, 52, 5, 1
19, 52, 14, 1
19, 52, 15, 1
19, 52, 6, 1
19, 52, 16, 1
19, 52, 17, 1
19, 52, 7, 1
19, 52, 49, 8
19, 52, 38, 8
19, 52, 33, 7
19, 52, 34, 7
19, 52, 35, 7
19, 52, 57, 9
19, 52, 39, 4
19, 52, 25, 2
19, 52, 55, 16
19, 52, 54, 16
19, 52, 52, 16
19, 52, 51, 16
19, 52, 56, 6
19, 52, 50, 36
19, 52, 40, 4
19, 52, 21, 2
19, 52, 41, 12
19, 52, 22, 6
19, 52, 23, 2
19, 52, 42, 4
19, 52, 27, 2
19, 52, 43, 4
19, 52, 28, 2
19, 52, 45, 4
20, 52, 53, 90
20, 52, 44, 8
20, 52, 46, 8
20, 52, 47, 8
20, 52, 48, 8
20, 52, 36, 8
20, 52, 37, 8
20, 52, 30, 7
20, 52, 31, 7
20, 52, 32, 7
20, 52, 0, 1
20, 52, 1, 1
20, 52, 2, 1
20, 52, 8, 1
20, 52, 9, 1
20, 52, 3, 1
20, 52, 10, 2
20, 52, 11, 2
20, 52, 4, 2
20, 52, 12, 1
20, 52, 13, 1
20, 52, 5, 1
20, 52, 14, 1
20, 52, 15, 1
20, 52, 6, 1
20, 52, 16, 1
20, 52, 17, 1
20, 52, 7, 1
20, 52, 49, 8
20, 52, 38, 8
20, 52, 33, 7
20, 52, 34, 7
20, 52, 35, 7
20, 52, 57, 9
20, 52, 39, 12
20, 52, 25, 2
20, 52, 55, 16
20, 52, 54, 16
20, 52, 52, 16
20, 52, 51, 16
20, 52, 56, 6
20, 52, 50, 36
20, 52, 40, 4
20, 52, 21, 2
20, 52, 41, 4
20, 52, 22, 2
20, 52, 23, 6
20, 52, 42, 4
20, 52, 27, 2
20, 52, 43, 4
20, 52, 28, 2
20, 52, 45, 4
21, 6, 53, 6
21, 6, 36, 3
21, 6, 37, 3
21, 6, 38, 3
21, 6, 18, 2
21, 6, 51, 6
22, 6, 53, 6
22, 6, 36, 3
22, 6, 37, 3
22, 6, 38, 3
22, 6, 19, 2
22, 6, 51, 6
23, 6, 53, 6
23, 6, 36, 3
23, 6, 37, 3
23, 6, 38, 3
23, 6, 20, 2
23, 6, 51, 6
24, 52, 53, 90
24, 52, 44, 8
24, 52, 46, 8
24, 52, 47, 8
24, 52, 48, 8
24, 52, 36, 8
24, 52, 37, 8
24, 52, 30, 7
24, 52, 31, 7
24, 52, 32, 7
24, 52, 0, 1
24, 52, 1, 1
24, 52, 2, 1
24, 52, 8, 1
24, 52, 9, 1
24, 52, 3, 1
24, 52, 10, 1
24, 52, 11, 1
24, 52, 4, 1
24, 52, 12, 1
24, 52, 13, 1
24, 52, 5, 1
24, 52, 14, 1
24, 52, 15, 1
24, 52, 6, 1
24, 52, 16, 2
24, 52, 17, 2
24, 52, 7, 2
24, 52, 49, 8
24, 52, 38, 8
24, 52, 33, 7
24, 52, 34, 7
24, 52, 35, 7
24, 52, 57, 9
24, 52, 39, 4
24, 52, 25, 6
24, 52, 55, 16
24, 52, 54, 16
24, 52, 52, 16
24, 52, 51, 16
24, 52, 56, 6
24, 52, 50, 36
24, 52, 40, 4
24, 52, 21, 2
24, 52, 41, 4
24, 52, 22, 2
24, 52, 23, 2
24, 52, 42, 4
24, 52, 27, 2
24, 52, 43, 4
24, 52, 28, 2
24, 52, 45, 12
25, 6, 53, 6
25, 6, 36, 3
25, 6, 37, 3
25, 6, 38, 3
25, 6, 24, 2
25, 6, 51, 6
26, 52, 53, 90
26, 52, 44, 8
26, 52, 46, 8
26, 52, 47, 8
26, 52, 48, 8
26, 52, 36, 8
26, 52, 37, 8
26, 52, 30, 7
26, 52, 31, 7
26, 52, 32, 7
26, 52, 0, 1
26, 52, 1, 1
26, 52, 2, 1
26, 52, 8, 1
26, 52, 9, 1
26, 52, 3, 1
26, 52, 10, 1
26, 52, 11, 1
26, 52, 4, 1
26, 52, 12, 2
26, 52, 13, 2
26, 52, 5, 2
26, 52, 14, 1
26, 52, 15, 1
26, 52, 6, 1
26, 52, 16, 1
26, 52, 17, 1
26, 52, 7, 1
26, 52, 49, 8
26, 52, 38, 8
26, 52, 33, 7
26, 52, 34, 7
26, 52, 35, 7
26, 52, 57, 9
26, 52, 39, 4
26, 52, 25, 2
26, 52, 55, 16
26, 52, 54, 16
26, 52, 52, 16
26, 52, 51, 16
26, 52, 56, 6
26, 52, 50, 36
26, 52, 40, 4
26, 52, 21, 2
26, 52, 41, 4
26, 52, 22, 2
26, 52, 23, 2
26, 52, 42, 12
26, 52, 27, 6
26, 52, 43, 4
26, 52, 28, 2
26, 52, 45, 4
27, 6, 53, 6
27, 6, 36, 3
27, 6, 37, 3
27, 6, 38, 3
27, 6, 26, 2
27, 6, 51, 6
28, 6, 53, 6
28, 6, 36, 3
28, 6, 37, 3
28, 6, 38, 3
28, 6, 29, 2
28, 6, 51, 6
29, 52, 53, 90
29, 52, 44, 8
29, 52, 46, 8
29, 52, 47, 8
29, 52, 48, 8
29, 52, 36, 8
29, 52, 37, 8
29, 52, 30, 7
29, 52, 31, 7
29, 52, 32, 7
29, 52, 0, 1
29, 52, 1, 1
29, 52, 2, 1
29, 52, 8, 1
29, 52, 9, 1
29, 52, 3, 1
29, 52, 10, 1
29, 52, 11, 1
29, 52, 4, 1
29, 52, 12, 1
29, 52, 13, 1
29, 52, 5, 1
29, 52, 14, 2
29, 52, 15, 2
29, 52, 6, 2
29, 52, 16, 1
29, 52, 17, 1
29, 52, 7, 1
29, 52, 49, 8
29, 52, 38, 8
29, 52, 33, 7
29, 52, 34, 7
29, 52, 35, 7
29, 52, 57, 9
29, 52, 39, 4
29, 52, 25, 2
29, 52, 55, 16
29, 52, 54, 16
29, 52, 52, 16
29, 52, 51, 16
29, 52, 56, 6
29, 52, 50, 36
29, 52, 40, 4
29, 52, 21, 2
29, 52, 41, 4
29, 52, 22, 2
29, 52, 23, 2
29, 52, 42, 4
29, 52, 27, 2
29, 52, 43, 12
29, 52, 28, 6
29, 52, 45, 4
30, 5, 53, 18
30, 5, 31, 6
30, 5, 57, 6
30, 5, 56, 6
30, 5, 50, 6
31, 4, 53, 18
31, 4, 32, 6
31, 4, 57, 6
31, 4, 50, 6
32, 10, 53, 18
32, 10, 0, 1
32, 10, 8, 1
32, 10, 10, 1
32, 10, 12, 1
32, 10, 14, 1
32, 10, 16, 1
32, 10, 33, 6
32, 10, 57, 9
32, 10, 50, 6
33, 15, 53, 12
33, 15, 0, 1
33, 15, 1, 1
33, 15, 8, 1
33, 15, 9, 1
33, 15, 10, 1
33, 15, 11, 1
33, 15, 12, 1
33, 15, 13, 1
33, 15, 14, 1
33, 15, 15, 1
33, 15, 16, 1
33, 15, 17, 1
33, 15, 34, 6
33, 15, 50, 6
34, 15, 53, 12
34, 15, 1, 1
34, 15, 2, 1
34, 15, 9, 1
34, 15, 3, 1
34, 15, 11, 1
34, 15, 4, 1
34, 15, 13, 1
34, 15, 5, 1
34, 15, 15, 1
34, 15, 6, 1
34, 15, 17, 1
34, 15, 7, 1
34, 15, 35, 6
34, 15, 50, 6
35, 8, 53, 6
35, 8, 2, 1
35, 8, 3, 1
35, 8, 4, 1
35, 8, 5, 1
35, 8, 6, 1
35, 8, 7, 1
35, 8, 50, 6
36, 16, 53, 24
36, 16, 37, 6
36, 16, 38, 6
36, 16, 18, 1
36, 16, 19, 1
36, 16, 20, 1
36, 16, 26, 1
36, 16, 29, 1
36, 16, 24, 1
36, 16, 25, 4
36, 16, 51, 24
36, 16, 21, 4
36, 16, 22, 4
36, 16, 23, 4
36, 16, 27, 4
36, 16, 28, 4
37, 15, 53, 18
37, 15, 38, 18
37, 15, 18, 1
37, 15, 19, 1
37, 15, 20, 1
37, 15, 26, 1
37, 15, 29, 1
37, 15, 24, 1
37, 15, 25, 3
37, 15, 51, 18
37, 15, 21, 3
37, 15, 22, 3
37, 15, 23, 3
37, 15, 27, 3
37, 15, 28, 3
38, 15, 53, 12
38, 15, 37, 12
38, 15, 18, 1
38, 15, 19, 1
38, 15, 20, 1
38, 15, 26, 1
38, 15, 29, 1
38, 15, 24, 1
38, 15, 25, 2
38, 15, 51, 12
38, 15, 21, 2
38, 15, 22, 2
38, 15, 23, 2
38, 15, 27, 2
38, 15, 28, 2
39, 10, 53, 12
39, 10, 44, 3
39, 10, 46, 3
39, 10, 47, 3
39, 10, 48, 3
39, 10, 49, 3
39, 10, 20, 4
39, 10, 55, 6
39, 10, 54, 6
39, 10, 52, 6
40, 10, 53, 12
40, 10, 44, 3
40, 10, 46, 3
40, 10, 47, 3
40, 10, 48, 3
40, 10, 49, 3
40, 10, 18, 4
40, 10, 55, 6
40, 10, 54, 6
40, 10, 52, 6
41, 10, 53, 12
41, 10, 44, 3
41, 10, 46, 3
41, 10, 47, 3
41, 10, 48, 3
41, 10, 49, 3
41, 10, 19, 4
41, 10, 55, 6
41, 10, 54, 6
41, 10, 52, 6
42, 10, 53, 12
42, 10, 44, 3
42, 10, 46, 3
42, 10, 47, 3
42, 10, 48, 3
42, 10, 49, 3
42, 10, 26, 4
42, 10, 55, 6
42, 10, 54, 6
42, 10, 52, 6
43, 10, 53, 12
43, 10, 44, 3
43, 10, 46, 3
43, 10, 47, 3
43, 10, 48, 3
43, 10, 49, 3
43, 10, 29, 4
43, 10, 55, 6
43, 10, 54, 6
43, 10, 52, 6
44, 16, 53, 24
44, 16, 46, 6
44, 16, 18, 1
44, 16, 19, 1
44, 16, 20, 1
44, 16, 26, 1
44, 16, 29, 1
44, 16, 24, 1
44, 16, 39, 4
44, 16, 55, 24
44, 16, 54, 6
44, 16, 40, 4
44, 16, 41, 4
44, 16, 42, 4
44, 16, 43, 4
44, 16, 45, 4
45, 10, 53, 12
45, 10, 44, 3
45, 10, 46, 3
45, 10, 47, 3
45, 10, 48, 3
45, 10, 49, 3
45, 10, 24, 4
45, 10, 55, 6
45, 10, 54, 6
45, 10, 52, 6
46, 17, 53, 24
46, 17, 47, 6
46, 17, 18, 1
46, 17, 19, 1
46, 17, 20, 1
46, 17, 26, 1
46, 17, 29, 1
46, 17, 24, 1
46, 17, 39, 4
46, 17, 55, 18
46, 17, 54, 24
46, 17, 52, 6
46, 17, 40, 4
46, 17, 41, 4
46, 17, 42, 4
46, 17, 43, 4
46, 17, 45, 4
47, 17, 53, 24
47, 17, 48, 6
47, 17, 49, 6
47, 17, 18, 1
47, 17, 19, 1
47, 17, 20, 1
47, 17, 26, 1
47, 17, 29, 1
47, 17, 24, 1
47, 17, 39, 4
47, 17, 54, 18
47, 17, 52, 24
47, 17, 40, 4
47, 17, 41, 4
47, 17, 42, 4
47, 17, 43, 4
47, 17, 45, 4
48, 15, 53, 18
48, 15, 49, 18
48, 15, 18, 1
48, 15, 19, 1
48, 15, 20, 1
48, 15, 26, 1
48, 15, 29, 1
48, 15, 24, 1
48, 15, 39, 3
48, 15, 52, 18
48, 15, 40, 3
48, 15, 41, 3
48, 15, 42, 3
48, 15, 43, 3
48, 15, 45, 3
49, 15, 53, 12
49, 15, 48, 12
49, 15, 18, 1
49, 15, 19, 1
49, 15, 20, 1
49, 15, 26, 1
49, 15, 29, 1
49, 15, 24, 1
49, 15, 39, 2
49, 15, 52, 12
49, 15, 40, 2
49, 15, 41, 2
49, 15, 42, 2
49, 15, 43, 2
49, 15, 45, 2
50, 26, 53, 36
50, 26, 30, 6
50, 26, 31, 6
50, 26, 32, 6
50, 26, 0, 1
50, 26, 1, 1
50, 26, 2, 1
50, 26, 8, 1
50, 26, 9, 1
50, 26, 3, 1
50, 26, 10, 1
50, 26, 11, 1
50, 26, 4, 1
50, 26, 12, 1
50, 26, 13, 1
50, 26, 5, 1
50, 26, 14, 1
50, 26, 15, 1
50, 26, 6, 1
50, 26, 16, 1
50, 26, 17, 1
50, 26, 7, 1
50, 26, 33, 6
50, 26, 34, 6
50, 26, 35, 6
50, 26, 56, 6
51, 14, 53, 12
51, 14, 36, 12
51, 14, 18, 1
51, 14, 19, 1
51, 14, 20, 1
51, 14, 26, 1
51, 14, 29, 1
51, 14, 24, 1
51, 14, 25, 2
51, 14, 21, 2
51, 14, 22, 2
51, 14, 23, 2
51, 14, 27, 2
51, 14, 28, 2
52, 15, 53, 12
52, 15, 47, 12
52, 15, 18, 1
52, 15, 19, 1
52, 15, 20, 1
52, 15, 26, 1
52, 15, 29, 1
52, 15, 24, 1
52, 15, 39, 2
52, 15, 54, 12
52, 15, 40, 2
52, 15, 41, 2
52, 15, 42, 2
52, 15, 43, 2
52, 15, 45, 2
53, 56, 44, 18
53, 56, 46, 18
53, 56, 47, 18
53, 56, 48, 18
53, 56, 36, 18
53, 56, 37, 18
53, 56, 30, 12
53, 56, 31, 12
53, 56, 32, 12
53, 56, 0, 2
53, 56, 1, 2
53, 56, 2, 2
53, 56, 8, 2
53, 56, 9, 2
53, 56, 3, 2
53, 56, 10, 2
53, 56, 11, 2
53, 56, 4, 2
53, 56, 12, 2
53, 56, 13, 2
53, 56, 5, 2
53, 56, 14, 2
53, 56, 15, 2
53, 56, 6, 2
53, 56, 16, 2
53, 56, 17, 2
53, 56, 7, 2
53, 56, 49, 18
53, 56, 38, 18
53, 56, 33, 12
53, 56, 34, 12
53, 56, 35, 12
53, 56, 18, 6
53, 56, 19, 6
53, 56, 20, 6
53, 56, 26, 6
53, 56, 29, 6
53, 56, 24, 6
53, 56, 39, 12
53, 56, 25, 6
53, 56, 55, 36
53, 56, 54, 36
53, 56, 52, 36
53, 56, 51, 36
53, 56, 56, 6
53, 56, 50, 36
53, 56, 40, 12
53, 56, 21, 6
53, 56, 41, 12
53, 56, 22, 6
53, 56, 23, 6
53, 56, 42, 12
53, 56, 27, 6
53, 56, 43, 12
53, 56, 28, 6
53, 56, 45, 12
54, 15, 53, 12
54, 15, 46, 12
54, 15, 18, 1
54, 15, 19, 1
54, 15, 20, 1
54, 15, 26, 1
54, 15, 29, 1
54, 15, 24, 1
54, 15, 39, 2
54, 15, 55, 12
54, 15, 40, 2
54, 15, 41, 2
54, 15, 42, 2
54, 15, 43, 2
54, 15, 45, 2
55, 14, 53, 12
55, 14, 44, 12
55, 14, 18, 1
55, 14, 19, 1
55, 14, 20, 1
55, 14, 26, 1
55, 14, 29, 1
55, 14, 24, 1
55, 14, 39, 2
55, 14, 40, 2
55, 14, 41, 2
55, 14, 42, 2
55, 14, 43, 2
55, 14, 45, 2
DTG
0, 1, 0, 1, 4
0, 1, 1, 0, 10
1, 1, 0, 1, 4
1, 1, 1, 0, 10
2, 1, 0, 1, 4
2, 1, 1, 0, 10
3, 1, 0, 1, 4
3, 1, 1, 0, 10
4, 1, 0, 1, 4
4, 1, 1, 0, 10
5, 1, 0, 1, 4
5, 1, 1, 0, 10
6, 1, 0, 1, 4
6, 1, 1, 0, 10
7, 1, 0, 1, 4
7, 1, 1, 0, 10
8, 1, 0, 1, 4
8, 1, 1, 0, 10
9, 1, 0, 1, 4
9, 1, 1, 0, 10
10, 1, 0, 1, 4
10, 1, 1, 0, 10
11, 1, 0, 1, 4
11, 1, 1, 0, 10
12, 1, 0, 1, 4
12, 1, 1, 0, 10
13, 1, 0, 1, 4
13, 1, 1, 0, 10
14, 1, 0, 1, 4
14, 1, 1, 0, 10
15, 1, 0, 1, 4
15, 1, 1, 0, 10
16, 1, 0, 1, 4
16, 1, 1, 0, 10
17, 1, 0, 1, 4
17, 1, 1, 0, 10
18, 6, 1, 0, 5
18, 6, 1, 0, 5
18, 6, 1, 0, 5
18, 6, 1, 0, 5
18, 6, 1, 0, 5
18, 6, 1, 0, 5
19, 6, 1, 0, 5
19, 6, 1, 0, 5
19, 6, 1, 0, 5
19, 6, 1, 0, 5
19, 6, 1, 0, 5
19, 6, 1, 0, 5
20, 6, 1, 0, 5
20, 6, 1, 0, 5
20, 6, 1, 0, 5
20, 6, 1, 0, 5
20, 6, 1, 0, 5
20, 6, 1, 0, 5
21, 4, 0, 1, 5
21, 4, 0, 1, 5
21, 4, 0, 1, 5
21, 4, 0, 1, 5
21, 2, 1, 0, 9
21, 2, 1, 0, 10
22, 4, 0, 1, 5
22, 4, 0, 1, 5
22, 4, 0, 1, 5
22, 4, 0, 1, 5
22, 2, 1, 0, 9
22, 2, 1, 0, 10
23, 4, 0, 1, 5
23, 4, 0, 1, 5
23, 4, 0, 1, 5
23, 4, 0, 1, 5
23, 2, 1, 0, 9
23, 2, 1, 0, 10
24, 6, 1, 0, 5
24, 6, 1, 0, 5
24, 6, 1, 0, 5
24, 6, 1, 0, 5
24, 6, 1, 0, 5
24, 6, 1, 0, 5
25, 4, 0, 1, 5
25, 4, 0, 1, 5
25, 4, 0, 1, 5
25, 4, 0, 1, 5
25, 2, 1, 0, 9
25, 2, 1, 0, 10
26, 6, 1, 0, 5
26, 6, 1, 0, 5
26, 6, 1, 0, 5
26, 6, 1, 0, 5
26, 6, 1, 0, 5
26, 6, 1, 0, 5
27, 4, 0, 1, 5
27, 4, 0, 1, 5
27, 4, 0, 1, 5
27, 4, 0, 1, 5
27, 2, 1, 0, 9
27, 2, 1, 0, 10
28, 4, 0, 1, 5
28, 4, 0, 1, 5
28, 4, 0, 1, 5
28, 4, 0, 1, 5
28, 2, 1, 0, 9
28, 2, 1, 0, 10
29, 6, 1, 0, 5
29, 6, 1, 0, 5
29, 6, 1, 0, 5
29, 6, 1, 0, 5
29, 6, 1, 0, 5
29, 6, 1, 0, 5
30, 1, 0, 6, 3
30, 1, 1, 6, 3
30, 1, 2, 6, 3
30, 1, 3, 6, 3
30, 1, 4, 6, 3
30, 1, 5, 6, 3
30, 6, 6, 0, 9
30, 6, 6, 1, 9
30, 6, 6, 2, 9
30, 6, 6, 3, 9
30, 6, 6, 4, 9
30, 6, 6, 5, 9
31, 1, 0, 6, 4
31, 1, 1, 6, 4
31, 1, 2, 6, 4
31, 1, 3, 6, 4
31, 1, 4, 6, 4
31, 1, 5, 6, 4
31, 6, 6, 0, 9
31, 6, 6, 1, 9
31, 6, 6, 2, 9
31, 6, 6, 3, 9
31, 6, 6, 4, 9
31, 6, 6, 5, 9
32, 1, 0, 6, 4
32, 1, 1, 6, 4
32, 1, 2, 6, 4
32, 1, 3, 6, 4
32, 1, 4, 6, 4
32, 1, 5, 6, 4
32, 6, 6, 0, 9
32, 6, 6, 1, 9
32, 6, 6, 2, 9
32, 6, 6, 3, 9
32, 6, 6, 4, 9
32, 6, 6, 5, 9
33, 6, 0, 1, 9
33, 6, 0, 1, 9
33, 6, 0, 1, 9
33, 6, 0, 1, 9
33, 6, 0, 1, 9
33, 6, 0, 1, 9
33, 6, 1, 0, 5
33, 6, 1, 0, 5
33, 6, 1, 0, 5
33, 6, 1, 0, 5
33, 6, 1, 0, 5
33, 6, 1, 0, 5
34, 6, 0, 1, 9
34, 6, 0, 1, 9
34, 6, 0, 1, 9
34, 6, 0, 1, 9
34, 6, 0, 1, 9
34, 6, 0, 1, 9
34, 6, 1, 0, 5
34, 6, 1, 0, 5
34, 6, 1, 0, 5
34, 6, 1, 0, 5
34, 6, 1, 0, 5
34, 6, 1, 0, 5
35, 6, 0, 1, 9
35, 6, 0, 1, 9
35, 6, 0, 1, 9
35, 6, 0, 1, 9
35, 6, 0, 1, 9
35, 6, 0, 1, 9
35, 6, 1, 0, 5
35, 6, 1, 0, 5
35, 6, 1, 0, 5
35, 6, 1, 0, 5
35, 6, 1, 0, 5
35, 6, 1, 0, 5
36, 1, 0, 6, 9
36, 1, 1, 6, 9
36, 1, 2, 6, 9
36, 1, 3, 6, 9
36, 1, 4, 6, 9
36, 1, 5, 6, 9
36, 12, 6, 0, 5
36, 12, 6, 0, 5
36, 12, 6, 1, 5
36, 12, 6, 1, 5
36, 12, 6, 2, 5
36, 12, 6, 2, 5
36, 12, 6, 3, 5
36, 12, 6, 3, 5
36, 12, 6, 4, 5
36, 12, 6, 4, 5
36, 12, 6, 5, 5
36, 12, 6, 5, 5
37, 1, 0, 6, 10
37, 1, 1, 6, 10
37, 1, 2, 6, 10
37, 1, 3, 6, 10
37, 1, 4, 6, 10
37, 1, 5, 6, 10
37, 12, 6, 0, 5
37, 12, 6, 0, 5
37, 12, 6, 1, 5
37, 12, 6, 1, 5
37, 12, 6, 2, 5
37, 12, 6, 2, 5
37, 12, 6, 3, 5
37, 12, 6, 3, 5
37, 12, 6, 4, 5
37, 12, 6, 4, 5
37, 12, 6, 5, 5
37, 12, 6, 5, 5
38, 12, 0, 1, 5
38, 12, 0, 1, 5
38, 12, 0, 1, 5
38, 12, 0, 1, 5
38, 12, 0, 1, 5
38, 12, 0, 1, 5
38, 12, 0, 1, 5
38, 12, 0, 1, 5
38, 12, 0, 1, 5
38, 12, 0, 1, 5
38, 12, 0, 1, 5
38, 12, 0, 1, 5
38, 6, 1, 0, 11
38, 6, 1, 0, 11
38, 6, 1, 0, 11
38, 6, 1, 0, 11
38, 6, 1, 0, 11
38, 6, 1, 0, 11
39, 8, 0, 1, 5
39, 8, 0, 1, 5
39, 8, 0, 1, 5
39, 8, 0, 1, 5
39, 8, 0, 1, 5
39, 8, 0, 1, 5
39, 8, 0, 1, 5
39, 8, 0, 1, 5
39, 4, 1, 0, 9
39, 4, 1, 0, 10
39, 4, 1, 0, 10
39, 4, 1, 0, 10
40, 8, 0, 1, 5
40, 8, 0, 1, 5
40, 8, 0, 1, 5
40, 8, 0, 1, 5
40, 8, 0, 1, 5
40, 8, 0, 1, 5
40, 8, 0, 1, 5
40, 8, 0, 1, 5
40, 4, 1, 0, 9
40, 4, 1, 0, 10
40, 4, 1, 0, 10
40, 4, 1, 0, 10
41, 8, 0, 1, 5
41, 8, 0, 1, 5
41, 8, 0, 1, 5
41, 8, 0, 1, 5
41, 8, 0, 1, 5
41, 8, 0, 1, 5
41, 8, 0, 1, 5
41, 8, 0, 1, 5
41, 4, 1, 0, 9
41, 4, 1, 0, 10
41, 4, 1, 0, 10
41, 4, 1, 0, 10
42, 8, 0, 1, 5
42, 8, 0, 1, 5
42, 8, 0, 1, 5
42, 8, 0, 1, 5
42, 8, 0, 1, 5
42, 8, 0, 1, 5
42, 8, 0, 1, 5
42, 8, 0, 1, 5
42, 4, 1, 0, 9
42, 4, 1, 0, 10
42, 4, 1, 0, 10
42, 4, 1, 0, 10
43, 8, 0, 1, 5
43, 8, 0, 1, 5
43, 8, 0, 1, 5
43, 8, 0, 1, 5
43, 8, 0, 1, 5
43, 8, 0, 1, 5
43, 8, 0, 1, 5
43, 8, 0, 1, 5
43, 4, 1, 0, 9
43, 4, 1, 0, 10
43, 4, 1, 0, 10
43, 4, 1, 0, 10
44, 1, 0, 6, 9
44, 1, 1, 6, 9
44, 1, 2, 6, 9
44, 1, 3, 6, 9
44, 1, 4, 6, 9
44, 1, 5, 6, 9
44, 12, 6, 0, 5
44, 12, 6, 0, 5
44, 12, 6, 1, 5
44, 12, 6, 1, 5
44, 12, 6, 2, 5
44, 12, 6, 2, 5
44, 12, 6, 3, 5
44, 12, 6, 3, 5
44, 12, 6, 4, 5
44, 12, 6, 4, 5
44, 12, 6, 5, 5
44, 12, 6, 5, 5
45, 8, 0, 1, 5
45, 8, 0, 1, 5
45, 8, 0, 1, 5
45, 8, 0, 1, 5
45, 8, 0, 1, 5
45, 8, 0, 1, 5
45, 8, 0, 1, 5
45, 8, 0, 1, 5
45, 4, 1, 0, 9
45, 4, 1, 0, 10
45, 4, 1, 0, 10
45, 4, 1, 0, 10
46, 1, 0, 6, 10
46, 1, 1, 6, 10
46, 1, 2, 6, 10
46, 1, 3, 6, 10
46, 1, 4, 6, 10
46, 1, 5, 6, 10
46, 12, 6, 0, 5
46, 12, 6, 0, 5
46, 12, 6, 1, 5
46, 12, 6, 1, 5
46, 12, 6, 2, 5
46, 12, 6, 2, 5
46, 12, 6, 3, 5
46, 12, 6, 3, 5
46, 12, 6, 4, 5
46, 12, 6, 4, 5
46, 12, 6, 5, 5
46, 12, 6, 5, 5
47, 1, 0, 6, 10
47, 1, 1, 6, 10
47, 1, 2, 6, 10
47, 1, 3, 6, 10
47, 1, 4, 6, 10
47, 1, 5, 6, 10
47, 12, 6, 0, 5
47, 12, 6, 0, 5
47, 12, 6, 1, 5
47, 12, 6, 1, 5
47, 12, 6, 2, 5
47, 12, 6, 2, 5
47, 12, 6, 3, 5
47, 12, 6, 3, 5
47, 12, 6, 4, 5
47, 12, 6, 4, 5
47, 12, 6, 5, 5
47, 12, 6, 5, 5
48, 1, 0, 6, 10
48, 1, 1, 6, 10
48, 1, 2, 6, 10
48, 1, 3, 6, 10
48, 1, 4, 6, 10
48, 1, 5, 6, 10
48, 12, 6, 0, 5
48, 12, 6, 0, 5
48, 12, 6, 1, 5
48, 12, 6, 1, 5
48, 12, 6, 2, 5
48, 12, 6, 2, 5
48, 12, 6, 3, 5
48, 12, 6, 3, 5
48, 12, 6, 4, 5
48, 12, 6, 4, 5
48, 12, 6, 5, 5
48, 12, 6, 5, 5
49, 12, 0, 1, 5
49, 12, 0, 1, 5
49, 12, 0, 1, 5
49, 12, 0, 1, 5
49, 12, 0, 1, 5
49, 12, 0, 1, 5
49, 12, 0, 1, 5
49, 12, 0, 1, 5
49, 12, 0, 1, 5
49, 12, 0, 1, 5
49, 12, 0, 1, 5
49, 12, 0, 1, 5
49, 6, 1, 0, 11
49, 6, 1, 0, 11
49, 6, 1, 0, 11
49, 6, 1, 0, 11
49, 6, 1, 0, 11
49, 6, 1, 0, 11
50, 6, 0, 6, 9
50, 6, 0, 6, 9
50, 6, 0, 6, 9
50, 6, 0, 6, 9
50, 6, 0, 6, 9
50, 6, 0, 6, 9
50, 6, 1, 0, 9
50, 6, 1, 0, 9
50, 6, 1, 0, 9
50, 6, 1, 0, 9
50, 6, 1, 0, 9
50, 6, 1, 0, 9
50, 6, 2, 1, 9
50, 6, 2, 1, 9
50, 6, 2, 1, 9
50, 6, 2, 1, 9
50, 6, 2, 1, 9
50, 6, 2, 1, 9
50, 6, 3, 2, 9
50, 6, 3, 2, 9
50, 6, 3, 2, 9
50, 6, 3, 2, 9
50, 6, 3, 2, 9
50, 6, 3, 2, 9
50, 6, 4, 3, 9
50, 6, 4, 3, 9
50, 6, 4, 3, 9
50, 6, 4, 3, 9
50, 6, 4, 3, 9
50, 6, 4, 3, 9
50, 6, 5, 4, 9
50, 6, 5, 4, 9
50, 6, 5, 4, 9
50, 6, 5, 4, 9
50, 6, 5, 4, 9
50, 6, 5, 4, 9
51, 18, 0, 1, 5
51, 18, 0, 1, 5
51, 18, 0, 1, 5
51, 18, 0, 1, 5
51, 18, 0, 1, 5
51, 18, 0, 1, 5
51, 18, 0, 1, 5
51, 18, 0, 1, 5
51, 18, 0, 1, 5
51, 18, 0, 1, 5
51, 18, 0, 1, 5
51, 18, 0, 1, 5
51, 18, 0, 1, 11
51, 18, 0, 1, 11
51, 18, 0, 1, 11
51, 18, 0, 1, 11
51, 18, 0, 1, 11
51, 18, 0, 1, 11
51, 18, 1, 0, 6
51, 18, 1, 0, 6
51, 18, 1, 0, 6
51, 18, 1, 0, 6
51, 18, 1, 0, 6
51, 18, 1, 0, 6
51, 18, 1, 0, 6
51, 18, 1, 0, 6
51, 18, 1, 0, 6
51, 18, 1, 0, 6
51, 18, 1, 0, 6
51, 18, 1, 0, 6
51, 18, 1, 0, 10
51, 18, 1, 0, 10
51, 18, 1, 0, 10
51, 18, 1, 0, 10
51, 18, 1, 0, 10
51, 18, 1, 0, 10
52, 18, 0, 1, 5
52, 18, 0, 1, 5
52, 18, 0, 1, 5
52, 18, 0, 1, 5
52, 18, 0, 1, 5
52, 18, 0, 1, 5
52, 18, 0, 1, 5
52, 18, 0, 1, 5
52, 18, 0, 1, 5
52, 18, 0, 1, 5
52, 18, 0, 1, 5
52, 18, 0, 1, 5
52, 18, 0, 1, 11
52, 18, 0, 1, 11
52, 18, 0, 1, 11
52, 18, 0, 1, 11
52, 18, 0, 1, 11
52, 18, 0, 1, 11
52, 18, 1, 0, 6
52, 18, 1, 0, 6
52, 18, 1, 0, 6
52, 18, 1, 0, 6
52, 18, 1, 0, 6
52, 18, 1, 0, 6
52, 18, 1, 0, 6
52, 18, 1, 0, 6
52, 18, 1, 0, 6
52, 18, 1, 0, 6
52, 18, 1, 0, 6
52, 18, 1, 0, 6
52, 18, 1, 0, 11
52, 18, 1, 0, 11
52, 18, 1, 0, 11
52, 18, 1, 0, 11
52, 18, 1, 0, 11
52, 18, 1, 0, 11
53, 18, 0, 6, 5
53, 18, 0, 6, 5
53, 18, 0, 6, 5
53, 18, 0, 6, 5
53, 18, 0, 6, 5
53, 18, 0, 6, 5
53, 18, 0, 6, 5
53, 18, 0, 6, 5
53, 18, 0, 6, 5
53, 18, 0, 6, 5
53, 18, 0, 6, 5
53, 18, 0, 6, 5
53, 18, 0, 6, 9
53, 18, 0, 6, 9
53, 18, 0, 6, 9
53, 18, 0, 6, 9
53, 18, 0, 6, 9
53, 18, 0, 6, 9
53, 18, 1, 6, 5
53, 18, 1, 6, 5
53, 18, 1, 6, 5
53, 18, 1, 6, 5
53, 18, 1, 6, 5
53, 18, 1, 6, 5
53, 18, 1, 6, 5
53, 18, 1, 6, 5
53, 18, 1, 6, 5
53, 18, 1, 6, 5
53, 18, 1, 6, 5
53, 18, 1, 6, 5
53, 18, 1, 6, 9
53, 18, 1, 6, 9
53, 18, 1, 6, 9
53, 18, 1, 6, 9
53, 18, 1, 6, 9
53, 18, 1, 6, 9
53, 18, 2, 6, 5
53, 18, 2, 6, 5
53, 18, 2, 6, 5
53, 18, 2, 6, 5
53, 18, 2, 6, 5
53, 18, 2, 6, 5
53, 18, 2, 6, 5
53, 18, 2, 6, 5
53, 18, 2, 6, 5
53, 18, 2, 6, 5
53, 18, 2, 6, 5
53, 18, 2, 6, 5
53, 18, 2, 6, 9
53, 18, 2, 6, 9
53, 18, 2, 6, 9
53, 18, 2, 6, 9
53, 18, 2, 6, 9
53, 18, 2, 6, 9
53, 18, 3, 6, 5
53, 18, 3, 6, 5
53, 18, 3, 6, 5
53, 18, 3, 6, 5
53, 18, 3, 6, 5
53, 18, 3, 6, 5
53, 18, 3, 6, 5
53, 18, 3, 6, 5
53, 18, 3, 6, 5
53, 18, 3, 6, 5
53, 18, 3, 6, 5
53, 18, 3, 6, 5
53, 18, 3, 6, 9
53, 18, 3, 6, 9
53, 18, 3, 6, 9
53, 18, 3, 6, 9
53, 18, 3, 6, 9
53, 18, 3, 6, 9
53, 18, 4, 6, 5
53, 18, 4, 6, 5
53, 18, 4, 6, 5
53, 18, 4, 6, 5
53, 18, 4, 6, 5
53, 18, 4, 6, 5
53, 18, 4, 6, 5
53, 18, 4, 6, 5
53, 18, 4, 6, 5
53, 18, 4, 6, 5
53, 18, 4, 6, 5
53, 18, 4, 6, 5
53, 18, 4, 6, 9
53, 18, 4, 6, 9
53, 18, 4, 6, 9
53, 18, 4, 6, 9
53, 18, 4, 6, 9
53, 18, 4, 6, 9
53, 18, 5, 6, 5
53, 18, 5, 6, 5
53, 18, 5, 6, 5
53, 18, 5, 6, 5
53, 18, 5, 6, 5
53, 18, 5, 6, 5
53, 18, 5, 6, 5
53, 18, 5, 6, 5
53, 18, 5, 6, 5
53, 18, 5, 6, 5
53, 18, 5, 6, 5
53, 18, 5, 6, 5
53, 18, 5, 6, 9
53, 18, 5, 6, 9
53, 18, 5, 6, 9
53, 18, 5, 6, 9
53, 18, 5, 6, 9
53, 18, 5, 6, 9
53, 72, 6, 0, 3
53, 72, 6, 0, 4
53, 72, 6, 0, 4
53, 72, 6, 0, 4
53, 72, 6, 0, 4
53, 72, 6, 0, 4
53, 72, 6, 0, 9
53, 72, 6, 0, 9
53, 72, 6, 0, 10
53, 72, 6, 0, 10
53, 72, 6, 0, 10
53, 72, 6, 0, 10
53, 72, 6, 1, 3
53, 72, 6, 1, 4
53, 72, 6, 1, 4
53, 72, 6, 1, 4
53, 72, 6, 1, 4
53, 72, 6, 1, 4
53, 72, 6, 1, 9
53, 72, 6, 1, 9
53, 72, 6, 1, 10
53, 72, 6, 1, 10
53, 72, 6, 1, 10
53, 72, 6, 1, 10
53, 72, 6, 2, 3
53, 72, 6, 2, 4
53, 72, 6, 2, 4
53, 72, 6, 2, 4
53, 72, 6, 2, 4
53, 72, 6, 2, 4
53, 72, 6, 2, 9
53, 72, 6, 2, 9
53, 72, 6, 2, 10
53, 72, 6, 2, 10
53, 72, 6, 2, 10
53, 72, 6, 2, 10
53, 72, 6, 3, 3
53, 72, 6, 3, 4
53, 72, 6, 3, 4
53, 72, 6, 3, 4
53, 72, 6, 3, 4
53, 72, 6, 3, 4
53, 72, 6, 3, 9
53, 72, 6, 3, 9
53, 72, 6, 3, 10
53, 72, 6, 3, 10
53, 72, 6, 3, 10
53, 72, 6, 3, 10
53, 72, 6, 4, 3
53, 72, 6, 4, 4
53, 72, 6, 4, 4
53, 72, 6, 4, 4
53, 72, 6, 4, 4
53, 72, 6, 4, 4
53, 72, 6, 4, 9
53, 72, 6, 4, 9
53, 72, 6, 4, 10
53, 72, 6, 4, 10
53, 72, 6, 4, 10
53, 72, 6, 4, 10
53, 72, 6, 5, 3
53, 72, 6, 5, 4
53, 72, 6, 5, 4
53, 72, 6, 5, 4
53, 72, 6, 5, 4
53, 72, 6, 5, 4
53, 72, 6, 5, 9
53, 72, 6, 5, 9
53, 72, 6, 5, 10
53, 72, 6, 5, 10
53, 72, 6, 5, 10
53, 72, 6, 5, 10
54, 18, 0, 1, 5
54, 18, 0, 1, 5
54, 18, 0, 1, 5
54, 18, 0, 1, 5
54, 18, 0, 1, 5
54, 18, 0, 1, 5
54, 18, 0, 1, 5
54, 18, 0, 1, 5
54, 18, 0, 1, 5
54, 18, 0, 1, 5
54, 18, 0, 1, 5
54, 18, 0, 1, 5
54, 18, 0, 1, 11
54, 18, 0, 1, 11
54, 18, 0, 1, 11
54, 18, 0, 1, 11
54, 18, 0, 1, 11
54, 18, 0, 1, 11
54, 18, 1, 0, 6
54, 18, 1, 0, 6
54, 18, 1, 0, 6
54, 18, 1, 0, 6
54, 18, 1, 0, 6
54, 18, 1, 0, 6
54, 18, 1, 0, 6
54, 18, 1, 0, 6
54, 18, 1, 0, 6
54, 18, 1, 0, 6
54, 18, 1, 0, 6
54, 18, 1, 0, 6
54, 18, 1, 0, 11
54, 18, 1, 0, 11
54, 18, 1, 0, 11
54, 18, 1, 0, 11
54, 18, 1, 0, 11
54, 18, 1, 0, 11
55, 18, 0, 1, 5
55, 18, 0, 1, 5
55, 18, 0, 1, 5
55, 18, 0, 1, 5
55, 18, 0, 1, 5
55, 18, 0, 1, 5
55, 18, 0, 1, 5
55, 18, 0, 1, 5
55, 18, 0, 1, 5
55, 18, 0, 1, 5
55, 18, 0, 1, 5
55, 18, 0, 1, 5
55, 18, 0, 1, 11
55, 18, 0, 1, 11
55, 18, 0, 1, 11
55, 18, 0, 1, 11
55, 18, 0, 1, 11
55, 18, 0, 1, 11
55, 18, 1, 0, 6
55, 18, 1, 0, 6
55, 18, 1, 0, 6
55, 18, 1, 0, 6
55, 18, 1, 0, 6
55, 18, 1, 0, 6
55, 18, 1, 0, 6
55, 18, 1, 0, 6
55, 18, 1, 0, 6
55, 18, 1, 0, 6
55, 18, 1, 0, 6
55, 18, 1, 0, 6
55, 18, 1, 0, 10
55, 18, 1, 0, 10
55, 18, 1, 0, 10
55, 18, 1, 0, 10
55, 18, 1, 0, 10
55, 18, 1, 0, 10
56, 6, 1, 0, 10
56, 6, 1, 0, 10
56, 6, 1, 0, 10
56, 6, 1, 0, 10
56, 6, 1, 0, 10
56, 6, 1, 0, 10
57, 9, 1, 0, 13
57, 9, 1, 0, 13
57, 9, 1, 0, 13
57, 9, 1, 0, 13
57, 9, 1, 0, 13
57, 9, 1, 0, 13
57, 9, 1, 0, 13
57, 9, 1, 0, 13
57, 9, 1, 0, 13
Goal
57
